Date,Open,High,Low,Close,Volume,Adj Close
2012-12-25,49.15,49.15,49.15,49.15,000,49.15
2012-12-24,46.60,49.50,46.30,49.15,1925400,49.15
2012-12-21,48.75,51.75,45.70,46.20,2411200,46.20
2012-12-20,50.30,50.65,48.05,48.75,1086200,48.75
2012-12-19,51.10,51.50,49.50,49.70,1179400,49.70
2012-12-18,52.30,52.40,50.70,50.95,1094200,50.95
2012-12-17,52.00,52.70,51.55,51.90,709900,51.90
2012-12-14,52.15,52.90,51.60,51.85,888300,51.85
2012-12-13,54.05,54.80,51.80,52.30,959600,52.30
2012-12-12,55.00,56.00,53.85,54.05,913200,54.05
2012-12-11,55.80,56.55,54.45,55.25,1666600,55.25
2012-12-10,59.05,59.50,55.00,55.15,3339900,55.15
2012-12-07,61.50,62.80,60.65,60.95,957300,60.95
2012-12-06,61.80,62.50,60.85,61.05,1082000,61.05
2012-12-05,62.80,63.50,60.75,61.30,1054500,61.30
2012-12-04,63.80,64.50,62.00,62.25,434200,62.25
2012-12-03,64.10,65.00,63.50,63.90,577500,63.90
2012-11-30,61.00,64.35,60.30,63.95,1523300,63.95
2012-11-29,61.00,61.30,59.85,60.55,453300,60.55
2012-11-28,60.75,60.75,60.75,60.75,000,60.75
2012-11-27,60.75,61.40,59.75,60.75,422600,60.75
2012-11-26,61.20,61.20,60.00,60.50,190000,60.50
2012-11-23,62.70,63.05,60.20,60.70,690800,60.70
2012-11-22,63.50,63.55,60.90,61.45,543800,61.45
2012-11-21,61.90,65.40,61.70,63.00,979600,63.00
2012-11-20,62.35,63.25,61.25,62.80,657600,62.80
2012-11-19,63.00,63.30,60.75,61.35,677600,61.35
2012-11-16,64.70,64.70,62.40,62.85,460900,62.85
2012-11-15,65.65,65.65,63.55,64.40,373200,64.40
2012-11-14,64.60,64.60,64.60,64.60,000,64.60
2012-11-13,64.60,64.60,64.60,64.60,000,64.60
2012-11-12,65.10,65.20,64.00,64.60,272700,64.60
2012-11-09,65.75,66.15,64.10,64.60,401000,64.60
2012-11-08,66.25,66.80,65.40,65.75,655500,65.75
2012-11-07,66.10,67.75,65.10,66.95,2059400,66.95
2012-11-06,65.25,65.55,64.75,65.35,334400,65.35
2012-11-05,64.10,65.95,64.10,65.25,678900,65.25
2012-11-02,68.00,68.65,63.30,64.10,2196900,64.10
2012-11-01,68.75,69.20,67.75,68.50,620000,68.50
2012-10-31,67.55,68.80,66.55,68.25,488000,68.25
2012-10-30,68.60,68.90,66.45,67.15,620300,67.15
2012-10-29,67.40,69.00,67.05,68.60,617000,68.60
2012-10-26,67.30,67.30,67.30,67.30,000,67.30
2012-10-25,67.95,68.50,66.60,67.30,698900,67.30
2012-10-24,67.60,67.60,67.60,67.60,000,67.60
2012-10-23,68.40,68.95,67.00,67.60,395100,67.60
2012-10-22,69.90,69.95,68.50,69.05,719400,69.05
2012-10-19,70.80,71.05,69.00,69.55,1164600,69.55
2012-10-18,71.40,71.75,70.05,70.60,1209700,70.60
2012-10-17,72.40,72.40,70.10,70.70,738300,70.70
2012-10-16,74.30,74.55,70.70,71.55,1765100,71.55
2012-10-15,70.60,73.50,70.50,73.25,3554200,73.25
2012-10-12,69.35,72.20,68.70,70.10,5721100,70.10
2012-10-11,67.85,69.00,66.80,68.80,1524700,68.80
2012-10-10,67.80,68.30,67.20,67.75,495800,67.75
2012-10-09,67.35,68.90,67.10,67.55,966300,67.55
2012-10-08,67.50,67.50,64.25,66.55,357300,66.55
2012-10-05,67.05,67.20,65.55,67.00,938400,67.00
2012-10-04,67.50,67.90,66.25,66.60,654100,66.60
2012-10-03,67.20,67.80,66.50,66.85,622800,66.85
2012-10-02,66.50,66.50,66.50,66.50,000,66.50
2012-10-01,67.30,68.30,66.00,66.50,1253100,66.50
2012-09-28,67.00,67.90,66.55,67.30,1037100,67.30
2012-09-27,64.30,67.50,64.25,66.50,10440700,66.50
2012-09-26,63.70,65.50,63.00,64.20,2127900,64.20
2012-09-25,66.10,66.20,62.05,64.00,4021200,64.00
2012-09-24,66.25,68.55,65.45,66.85,5369300,66.85
2012-09-21,67.35,67.85,65.05,65.45,4994000,65.45
2012-09-20,68.50,69.50,66.10,67.00,1510300,67.00
2012-09-19,68.30,68.30,68.30,68.30,000,68.30
2012-09-18,67.05,70.00,66.10,68.30,2372500,68.30
2012-09-17,68.00,68.00,65.10,67.20,1135100,67.20
2012-09-14,59.00,67.45,59.00,66.85,1189700,66.85
2012-09-13,68.15,68.65,66.10,66.25,532600,66.25
2012-09-12,70.00,70.25,67.55,68.15,1151800,68.15
2012-09-11,68.80,69.80,68.00,69.50,2635200,69.50
2012-09-10,67.15,69.20,66.60,68.70,893100,68.70
2012-09-07,67.50,68.30,65.70,66.50,690000,66.50
2012-09-06,67.00,68.30,66.70,67.15,582300,67.15
2012-09-05,68.90,69.00,67.70,67.95,741900,67.95
2012-09-04,67.95,69.25,66.50,68.95,1922700,68.95
2012-09-03,67.85,68.55,66.10,67.75,2308400,67.75
2012-08-31,65.20,67.40,64.55,67.15,1062800,67.15
2012-08-30,63.75,66.60,62.90,65.20,1998500,65.20
2012-08-29,64.80,65.35,63.55,63.95,746000,63.95
2012-08-28,64.75,64.80,61.25,63.80,1778400,63.80
2012-08-27,66.85,66.85,64.35,64.70,866600,64.70
2012-08-24,67.20,67.20,65.40,66.30,989400,66.30
2012-08-23,64.60,67.20,64.10,67.00,2042300,67.00
2012-08-22,68.00,68.00,64.15,64.65,2014700,64.65
2012-08-21,68.35,68.70,67.00,68.15,978500,68.15
2012-08-20,67.90,67.90,67.90,67.90,000,67.90
2012-08-17,66.95,68.65,66.35,67.90,1549700,67.90
2012-08-16,68.55,68.90,65.30,66.80,1806900,66.80
2012-08-15,68.70,68.70,68.70,68.70,000,68.70
2012-08-14,67.55,69.10,67.00,68.70,1683400,68.70
2012-08-13,67.95,68.70,66.70,67.50,1947900,67.50
2012-08-10,65.50,69.10,65.30,68.25,6652200,68.25
2012-08-09,63.30,66.15,63.00,65.75,6163700,65.75
2012-08-08,63.25,64.55,62.60,63.00,1603700,63.00
2012-08-07,64.75,65.10,62.50,63.20,7946800,63.20
2012-08-06,62.00,64.95,61.10,64.35,5951600,64.35
2012-08-03,58.00,61.10,57.15,60.35,2995800,60.35
2012-08-02,56.55,57.95,56.50,57.40,1053200,57.40
2012-08-01,54.15,56.80,53.75,56.45,2138300,56.45
2012-07-31,56.70,57.20,53.55,54.20,5454700,54.20
2012-07-30,55.25,56.85,54.70,56.55,898600,56.55
2012-07-27,55.75,57.00,54.00,54.35,1375100,54.35
2012-07-26,59.50,59.50,54.35,55.05,10058700,55.05
2012-07-25,61.95,62.25,59.05,59.50,3350500,59.50
2012-07-24,60.00,62.70,59.75,62.30,4561100,62.30
2012-07-23,57.35,59.95,57.35,59.60,1870900,59.60
2012-07-20,58.00,58.50,57.20,58.10,317900,58.10
2012-07-19,59.90,59.90,57.85,58.20,588100,58.20
2012-07-18,57.90,58.95,56.55,58.75,737500,58.75
2012-07-17,59.10,59.80,57.45,57.95,1096000,57.95
2012-07-16,58.45,59.55,57.85,59.05,1112100,59.05
2012-07-13,58.90,59.75,57.65,58.00,1323800,58.00
2012-07-12,57.10,58.40,56.85,58.15,559200,58.15
2012-07-11,58.10,58.65,57.10,57.70,1358200,57.70
2012-07-10,56.25,58.70,56.00,58.05,1078700,58.05
2012-07-09,56.85,57.00,55.75,56.50,680800,56.50
2012-07-06,56.80,57.55,55.65,56.85,932400,56.85
2012-07-05,55.20,57.35,55.00,56.75,1335800,56.75
2012-07-04,55.30,55.70,53.90,55.00,951600,55.00
2012-07-03,51.85,55.15,51.85,54.90,2337400,54.90
2012-07-02,52.00,52.80,50.75,51.95,645600,51.95
2012-06-29,50.40,52.00,50.05,51.75,575000,51.75
2012-06-28,49.40,50.80,48.95,50.00,2107000,50.00
2012-06-27,49.20,49.80,48.60,48.95,531700,48.95
2012-06-26,48.10,49.25,48.10,48.35,199500,48.35
2012-06-25,49.80,50.40,48.50,48.70,347300,48.70
2012-06-22,48.50,49.80,48.00,49.45,646900,49.45
2012-06-21,49.30,49.40,48.55,48.80,551400,48.80
2012-06-20,48.00,49.45,47.80,49.25,355700,49.25
2012-06-19,48.40,48.50,47.55,47.80,334900,47.80
2012-06-18,48.90,49.40,46.85,48.30,1277400,48.30
2012-06-15,49.05,49.15,48.35,48.65,1294700,48.65
2012-06-14,48.65,49.25,48.50,48.85,251600,48.85
2012-06-13,49.15,49.80,48.25,48.60,450800,48.60
2012-06-12,48.90,50.05,48.70,48.95,875300,48.95
2012-06-11,51.05,51.25,49.40,50.20,578300,50.20
2012-06-08,49.90,51.00,49.45,50.75,1232200,50.75
2012-06-07,47.95,50.45,47.95,49.75,825400,49.75
2012-06-06,49.10,49.75,47.00,47.80,3911900,47.80
2012-06-05,49.80,50.60,48.60,49.00,230200,49.00
2012-06-04,49.35,50.05,47.90,49.70,283800,49.70
2012-06-01,49.75,50.55,48.45,49.35,398400,49.35
2012-05-31,49.20,50.65,48.40,49.60,891500,49.60
2012-05-30,50.95,51.00,49.25,49.65,306300,49.65
2012-05-29,53.15,53.50,50.60,51.20,898100,51.20
2012-05-28,50.95,51.70,50.10,51.20,1136500,51.20
2012-05-25,49.60,51.80,48.15,51.15,704700,51.15
2012-05-24,49.00,50.30,48.10,49.70,311300,49.70
2012-05-23,49.25,49.25,47.45,48.40,554200,48.40
2012-05-22,50.85,52.05,49.00,49.35,818600,49.35
2012-05-21,49.10,51.25,49.10,50.75,132900,50.75
2012-05-18,49.90,51.10,48.00,50.75,552900,50.75
2012-05-17,50.00,50.80,49.35,50.30,314300,50.30
2012-05-16,50.10,50.50,48.50,49.15,478400,49.15
2012-05-15,50.00,50.85,49.60,50.50,423400,50.50
2012-05-14,50.05,51.90,48.15,50.40,409100,50.40
2012-05-11,50.60,50.85,48.20,50.05,949500,50.05
2012-05-10,48.80,51.50,48.50,50.90,716700,50.90
2012-05-09,50.20,50.45,48.45,49.05,509400,49.05
2012-05-08,54.00,54.00,50.50,50.90,1672700,50.90
2012-05-07,53.65,54.40,52.90,53.45,1180300,53.45
2012-05-04,54.50,54.80,52.55,54.45,819400,54.45
2012-05-03,55.35,56.90,53.95,54.20,1892800,54.20
2012-05-02,55.00,55.75,53.20,53.50,1331700,53.50
2012-05-01,55.00,55.00,55.00,55.00,000,55.00
2012-04-30,54.75,55.10,54.55,55.00,424800,55.00
2012-04-27,53.50,55.00,53.35,54.80,958700,54.80
2012-04-26,53.30,53.90,52.30,53.45,919800,53.45
2012-04-25,52.65,53.65,50.65,52.80,641700,52.80
2012-04-24,51.55,52.60,50.50,51.30,532200,51.30
2012-04-23,52.00,55.80,51.20,51.65,962200,51.65
2012-04-20,53.55,55.50,52.70,55.10,1040300,55.10
2012-04-19,56.55,66.90,54.65,54.90,3086400,54.90
2012-04-18,59.45,59.45,56.55,56.95,2048200,56.95
2012-04-17,58.45,58.95,57.00,58.10,619000,58.10
2012-04-16,59.40,59.80,58.25,58.40,765800,58.40
2012-04-13,59.00,60.00,58.50,59.00,1004300,59.00
2012-04-12,56.35,58.75,56.25,58.30,736200,58.30
2012-04-11,54.70,56.65,54.65,56.35,616800,56.35
2012-04-10,55.05,56.70,53.95,56.45,898600,56.45
2012-04-09,56.65,56.95,54.20,55.05,942300,55.05
2012-04-06,57.25,57.25,57.25,57.25,000,57.25
2012-04-05,57.25,57.25,57.25,57.25,000,57.25
2012-04-04,56.20,57.40,55.55,57.25,478400,57.25
2012-04-03,57.35,58.10,55.90,56.05,1106000,56.05
2012-04-02,57.50,57.90,55.15,57.35,1277400,57.35
2012-03-30,53.25,58.10,53.10,57.25,1843900,57.25
2012-03-29,52.35,54.90,52.25,53.00,1779200,53.00
2012-03-28,54.35,54.35,52.85,53.85,540400,53.85
2012-03-27,54.20,55.15,53.50,54.10,679400,54.10
2012-03-26,55.00,55.55,53.20,53.70,846000,53.70
2012-03-23,54.85,55.30,53.00,55.15,1154600,55.15
2012-03-22,56.00,56.00,52.50,53.35,1403200,53.35
2012-03-21,53.40,55.90,53.30,55.55,644100,55.55
2012-03-20,53.20,53.90,52.00,53.10,768800,53.10
2012-03-19,55.90,56.45,52.90,53.30,791200,53.30
2012-03-16,55.60,56.80,52.10,55.95,2927500,55.95
2012-03-15,55.50,56.45,54.65,55.60,1966300,55.60
2012-03-14,55.40,55.80,54.85,55.00,401100,55.00
2012-03-13,54.60,55.30,54.55,54.85,847600,54.85
2012-03-12,55.90,56.00,54.15,54.40,596800,54.40
2012-03-09,53.20,55.50,53.20,55.30,1196400,55.30
2012-03-08,53.05,53.05,53.05,53.05,000,53.05
2012-03-07,51.10,53.90,50.95,53.05,909800,53.05
2012-03-06,54.55,54.55,51.10,51.55,3545600,51.55
2012-03-05,55.20,57.00,53.15,54.00,4563300,54.00
2012-03-02,53.60,54.50,52.75,54.30,2560500,54.30
2012-03-01,51.45,53.45,50.80,53.05,1290400,53.05
2012-02-29,51.10,52.25,50.50,51.70,1166200,51.70
2012-02-28,48.10,52.00,47.60,51.65,1018600,51.65
2012-02-27,51.00,51.40,47.25,48.00,1027500,48.00
2012-02-24,49.05,51.80,49.05,51.05,787700,51.05
2012-02-23,49.90,52.50,48.20,48.85,2703700,48.85
2012-02-22,54.50,55.00,51.25,52.05,2111900,52.05
2012-02-21,55.00,55.00,53.05,54.45,1504500,54.45
2012-02-20,53.35,53.35,53.35,53.35,000,53.35
2012-02-17,52.70,54.00,52.25,53.35,1372200,53.35
2012-02-16,51.00,52.45,50.70,52.05,1294500,52.05
2012-02-15,54.00,54.00,50.15,51.20,983300,51.20
2012-02-14,49.50,50.45,49.40,50.00,824300,50.00
2012-02-13,49.00,50.45,48.05,49.65,668600,49.65
2012-02-10,49.95,51.30,46.40,49.20,1801500,49.20
2012-02-09,50.05,50.50,49.35,49.95,445700,49.95
2012-02-08,51.50,51.50,49.35,49.90,1077600,49.90
2012-02-07,50.25,51.00,49.60,49.95,1253300,49.95
2012-02-06,49.60,50.45,48.95,49.70,1968800,49.70
2012-02-03,49.00,49.50,48.00,49.00,1866700,49.00
2012-02-02,49.40,49.80,47.75,48.90,1308000,48.90
2012-02-01,49.00,49.85,48.00,48.85,1752600,48.85
2012-01-31,46.50,49.00,46.15,48.80,2430600,48.80
2012-01-30,48.00,48.45,45.30,46.25,4417000,46.25
2012-01-27,45.10,48.00,45.10,47.60,2140300,47.60
2012-01-26,44.80,44.80,44.80,44.80,000,44.80
2012-01-25,42.65,45.00,42.55,44.80,2470600,44.80
2012-01-24,42.90,43.65,42.40,42.65,1111800,42.65
2012-01-23,41.60,42.85,41.30,42.40,841900,42.40
2012-01-20,41.90,43.05,41.05,41.60,1520000,41.60
2012-01-19,40.30,41.50,39.90,41.25,1138300,41.25
2012-01-18,39.00,40.80,37.85,40.20,1779200,40.20
2012-01-17,41.00,41.10,38.55,39.25,3598500,39.25
2012-01-16,41.95,41.95,39.75,40.75,689900,40.75
2012-01-13,41.90,42.90,41.00,41.25,2269800,41.25
2012-01-12,39.00,41.40,37.80,40.95,2009300,40.95
2012-01-11,39.95,40.15,38.80,39.10,1295200,39.10
2012-01-10,40.40,40.80,39.50,39.80,1528100,39.80
2012-01-09,38.95,40.45,37.85,40.15,1835500,40.15
2012-01-06,34.20,38.50,34.20,37.50,920200,37.50
2012-01-05,35.60,35.85,34.30,34.65,192100,34.65
2012-01-04,35.30,35.40,34.20,34.50,380700,34.50
2012-01-03,36.00,36.00,34.00,35.05,339500,35.05
2012-01-02,34.00,34.90,33.60,33.90,162200,33.90
2011-12-30,34.00,34.65,33.35,33.75,660000,33.75
2011-12-29,34.40,34.85,33.15,33.85,767500,33.85
2011-12-28,35.95,36.15,34.45,34.70,476600,34.70
2011-12-27,37.00,37.20,35.65,35.95,793100,35.95
2011-12-26,39.40,39.40,35.90,36.25,1425800,36.25
2011-12-23,38.10,38.90,38.00,38.35,1015500,38.35
2011-12-22,35.65,38.00,35.55,37.65,2094600,37.65
2011-12-21,35.60,35.80,34.65,35.45,1241800,35.45
2011-12-20,34.50,35.20,33.20,34.20,923700,34.20
2011-12-19,33.70,34.80,32.55,34.25,1281100,34.25
2011-12-16,34.00,35.40,32.95,34.10,2350300,34.10
2011-12-15,36.00,36.25,33.05,33.70,1960900,33.70
2011-12-14,39.80,40.20,35.20,37.55,1958000,37.55
2011-12-13,40.60,41.80,39.65,39.85,744900,39.85
2011-12-12,42.00,42.30,40.30,40.85,636300,40.85
2011-12-09,42.10,43.45,41.05,42.25,1400100,42.25
2011-12-08,43.90,44.00,42.75,42.95,549900,42.95
2011-12-07,44.20,44.65,43.15,43.95,1211100,43.95
2011-12-06,44.40,44.40,44.40,44.40,000,44.40
2011-12-05,44.05,45.40,43.90,44.40,466100,44.40
2011-12-02,42.50,45.15,42.50,44.85,953700,44.85
2011-12-01,44.65,45.35,43.00,43.60,867300,43.60
2011-11-30,43.00,44.25,42.50,43.95,1007100,43.95
2011-11-29,46.05,47.20,43.10,43.60,984100,43.60
2011-11-28,46.60,48.30,46.35,46.75,589200,46.75
2011-11-25,45.50,48.05,44.65,46.90,1422100,46.90
2011-11-24,43.10,45.90,42.40,45.50,1527700,45.50
2011-11-23,45.40,46.35,42.50,42.90,2385100,42.90
2011-11-22,44.45,45.65,44.00,44.20,916300,44.20
2011-11-21,47.00,48.15,43.35,44.35,1331600,44.35
2011-11-18,45.10,48.10,44.50,47.40,1640200,47.40
2011-11-17,46.50,47.40,44.25,44.90,1440200,44.90
2011-11-16,45.20,47.10,41.45,46.40,3011800,46.40
2011-11-15,45.00,46.45,44.15,45.05,1971700,45.05
2011-11-14,50.50,50.75,44.50,45.40,3823200,45.40
2011-11-11,50.15,51.75,49.70,50.75,1500000,50.75
2011-11-09,52.30,53.35,50.80,51.00,838300,51.00
2011-11-08,53.90,53.95,52.50,52.85,697200,52.85
2011-11-04,53.10,53.75,52.90,53.60,509900,53.60
2011-11-03,53.15,53.45,51.85,52.90,1026400,52.90
2011-11-02,52.90,53.70,52.40,52.90,905900,52.90
2011-11-01,52.10,54.25,51.75,53.50,681900,53.50
2011-10-31,55.00,56.65,53.30,53.55,1842900,53.55
2011-10-28,55.60,55.60,53.55,54.80,2800900,54.80
2011-10-26,53.45,53.45,51.60,52.80,1469100,52.80
2011-10-25,54.00,54.50,50.15,53.20,12124400,53.20
2011-10-24,53.80,54.40,53.00,53.85,982800,53.85
2011-10-21,52.50,53.75,52.40,53.45,1108000,53.45
2011-10-20,52.20,53.55,51.50,52.95,1859300,52.95
2011-10-19,52.40,53.75,52.20,52.95,1426000,52.95
2011-10-18,50.40,52.15,49.80,51.80,1270300,51.80
2011-10-17,49.25,51.95,49.20,51.25,2413200,51.25
2011-10-14,45.60,49.00,45.60,48.75,1947700,48.75
2011-10-13,46.00,46.35,45.05,45.80,1224100,45.80
2011-10-12,45.65,45.80,44.90,45.55,627300,45.55
2011-10-11,46.95,46.95,45.20,45.35,516600,45.35
2011-10-10,46.65,47.95,45.25,45.75,1285600,45.75
2011-10-07,45.35,46.55,45.30,45.80,804900,45.80
2011-10-05,45.20,45.55,43.80,44.60,697300,44.60
2011-10-04,43.85,44.95,43.50,44.75,877200,44.75
2011-10-03,46.10,46.10,43.55,43.90,1344300,43.90
2011-09-30,45.80,47.45,45.25,46.10,955100,46.10
2011-09-29,46.10,47.35,44.80,46.10,2557700,46.10
2011-09-28,49.00,49.05,45.80,46.05,1740100,46.05
2011-09-27,49.80,52.95,48.30,48.65,886000,48.65
2011-09-26,49.75,50.00,47.75,48.35,895500,48.35
2011-09-23,49.50,50.15,48.60,49.75,807500,49.75
2011-09-22,51.45,51.90,49.85,50.15,2709400,50.15
2011-09-21,50.35,51.70,50.00,51.45,1438500,51.45
2011-09-20,50.30,50.50,49.45,50.00,1170500,50.00
2011-09-19,50.45,50.85,50.00,50.15,767200,50.15
2011-09-16,51.30,51.95,50.15,51.30,1851700,51.30
2011-09-15,51.50,52.20,50.65,50.90,817900,50.90
2011-09-14,51.95,52.40,51.15,51.30,923300,51.30
2011-09-13,53.70,53.90,51.50,52.00,1176600,52.00
2011-09-12,50.00,53.95,50.00,52.90,831800,52.90
2011-09-09,55.00,55.40,53.95,54.15,1052000,54.15
2011-09-08,55.95,55.95,54.80,55.05,1253800,55.05
2011-09-07,54.95,55.60,54.65,55.05,1295100,55.05
2011-09-06,54.50,54.95,52.85,54.65,1253300,54.65
2011-09-05,54.00,55.45,53.95,54.80,1097300,54.80
2011-09-02,54.50,55.65,53.60,54.60,1927200,54.60
2011-08-30,54.95,55.25,53.85,54.30,884000,54.30
2011-08-29,54.95,55.30,53.85,54.20,1368700,54.20
2011-08-26,54.50,55.00,52.75,53.35,1580100,53.35
2011-08-25,54.40,54.90,52.35,53.60,2149700,53.60
2011-08-24,54.45,55.55,53.20,54.20,703300,54.20
2011-08-23,55.25,55.95,54.15,54.40,681100,54.40
2011-08-22,53.05,55.70,52.80,55.15,879500,55.15
2011-08-19,53.10,53.95,51.55,52.55,1229700,52.55
2011-08-18,55.15,55.75,53.50,54.25,695800,54.25
2011-08-17,53.00,55.60,51.85,54.85,1803400,54.85
2011-08-16,58.10,58.80,52.50,53.60,1334000,53.60
2011-08-12,60.00,60.30,57.30,57.75,819800,57.75
2011-08-11,58.00,60.00,58.00,58.85,1316300,58.85
2011-08-10,57.00,60.20,57.00,58.75,1096500,58.75
2011-08-09,54.00,57.20,52.45,56.35,1346900,56.35
2011-08-08,54.05,55.85,52.60,55.30,936000,55.30
2011-08-05,56.05,56.90,54.25,55.95,1396800,55.95
2011-08-04,57.15,58.00,56.35,57.25,1514400,57.25
2011-08-03,55.00,57.20,54.40,56.85,1108700,56.85
2011-08-02,59.90,59.95,54.25,55.95,2851000,55.95
2011-08-01,60.00,60.50,58.60,59.05,798600,59.05
2011-07-29,60.20,60.80,59.30,59.45,451200,59.45
2011-07-28,59.90,60.75,59.30,59.60,864100,59.60
2011-07-27,63.00,63.00,60.20,60.80,1200600,60.80
2011-07-26,61.95,62.75,60.65,62.30,788300,62.30
2011-07-25,60.50,61.90,60.20,61.65,1358700,61.65
2011-07-22,61.05,62.50,60.55,61.60,1321800,61.60
2011-07-21,62.00,62.00,60.25,60.75,705300,60.75
2011-07-20,63.10,63.40,61.10,61.50,944700,61.50
2011-07-19,62.40,63.10,61.15,62.75,481700,62.75
2011-07-18,64.90,64.90,61.90,62.45,307900,62.45
2011-07-15,62.95,63.30,61.65,62.25,536000,62.25
2011-07-14,63.55,63.90,62.60,62.95,737700,62.95
2011-07-13,62.00,63.50,61.50,63.25,795400,63.25
2011-07-12,61.50,63.00,60.60,61.00,1122300,61.00
2011-07-11,63.80,65.10,63.15,63.45,739100,63.45
2011-07-08,65.55,67.00,64.50,64.90,1674700,64.90
2011-07-07,65.00,65.00,63.85,64.75,778200,64.75
2011-07-06,64.45,65.00,63.80,64.70,872300,63.95
2011-07-05,65.25,65.45,64.00,64.40,692300,63.65
2011-07-04,63.00,65.50,63.00,65.05,2504100,64.30
2011-07-01,62.80,63.20,62.00,62.65,932800,61.92
2011-06-30,62.85,64.60,61.05,62.40,8154900,61.68
2011-06-29,60.70,64.00,59.15,62.35,2859900,61.63
2011-06-28,59.70,60.50,59.20,59.90,620500,59.21
2011-06-27,59.65,60.50,58.55,59.25,808600,58.56
2011-06-24,58.00,60.00,58.00,59.65,656400,58.96
2011-06-23,56.25,58.15,56.25,57.70,610400,57.03
2011-06-22,57.80,58.70,56.30,56.45,667600,55.80
2011-06-21,57.90,59.95,56.55,56.85,267600,56.19
2011-06-20,61.00,61.00,57.00,57.60,531400,56.93
2011-06-17,59.85,61.20,59.30,60.75,430600,60.05
2011-06-16,60.00,60.70,59.20,60.15,451500,59.45
2011-06-15,61.50,61.80,60.30,60.45,556000,59.75
2011-06-14,61.40,61.90,61.20,61.65,430400,60.94
2011-06-13,60.70,61.50,59.55,61.15,458000,60.44
2011-06-10,61.70,62.15,60.55,60.80,400200,60.10
2011-06-09,62.50,63.70,61.30,61.60,1133900,60.89
2011-06-08,61.60,62.70,61.10,62.45,768800,61.73
2011-06-07,60.70,62.00,60.30,61.60,534500,60.89
2011-06-06,61.55,62.30,60.25,60.70,416800,60.00
2011-06-03,62.60,63.30,60.75,61.25,1347800,60.54
2011-06-02,63.50,63.80,61.90,62.60,595500,61.87
2011-06-01,62.05,64.00,61.55,63.70,999900,62.96
2011-05-31,60.30,62.15,60.05,61.90,647500,61.18
2011-05-30,60.00,60.40,58.30,60.10,536400,59.40
2011-05-27,57.00,59.40,57.00,59.10,739300,58.41
2011-05-26,59.50,61.00,56.20,56.65,2166900,55.99
2011-05-25,62.25,62.25,59.40,59.80,755400,59.11
2011-05-24,61.80,62.55,61.45,62.10,460500,61.38
2011-05-23,63.10,63.10,61.50,62.00,500300,61.28
2011-05-20,63.10,63.80,62.10,63.10,682400,62.37
2011-05-19,65.20,65.45,62.60,63.15,598100,62.42
2011-05-18,67.40,67.95,64.30,65.10,845400,64.35
2011-05-17,69.00,69.00,66.35,67.20,741100,66.42
2011-05-16,72.50,73.50,68.40,68.75,1694800,67.95
2011-05-13,69.00,73.00,69.00,71.40,2321000,70.57
2011-05-12,72.50,72.50,68.45,69.70,1689900,68.89
2011-05-11,72.90,73.85,71.30,72.50,733000,71.66
2011-05-10,71.90,73.00,71.35,72.75,256000,71.91
2011-05-09,72.50,73.50,71.70,72.40,237300,71.56
2011-05-06,72.35,72.60,71.10,72.45,334600,71.61
2011-05-05,74.95,74.95,71.00,71.55,2484100,70.72
2011-05-04,74.45,74.90,72.30,74.45,828500,73.59
2011-05-03,74.10,74.60,73.65,74.25,930700,73.39
2011-05-02,74.40,75.10,73.55,74.60,413300,73.74
2011-04-29,73.80,74.70,73.40,74.40,644800,73.54
2011-04-28,76.00,76.00,73.55,74.50,3928200,73.64
2011-04-27,75.90,76.20,75.00,75.20,517700,74.33
2011-04-26,75.50,76.20,75.05,75.75,758400,74.87
2011-04-25,75.65,75.95,75.05,75.50,1307300,74.62
2011-04-21,75.95,76.30,75.20,75.65,1035100,74.77
2011-04-20,75.15,76.40,75.05,75.85,1257800,74.97
2011-04-19,75.90,76.60,74.80,75.15,1806100,74.28
2011-04-18,76.20,76.75,75.35,75.90,851900,75.02
2011-04-15,75.90,77.10,75.05,75.90,778100,75.02
2011-04-13,75.10,77.60,74.90,75.90,1701900,75.02
2011-04-11,75.15,76.90,74.55,76.05,1622900,75.17
2011-04-08,77.05,77.25,75.00,76.40,1459800,75.51
2011-04-07,75.00,77.50,71.55,76.80,1343600,75.91
2011-04-06,75.80,77.00,74.45,75.55,865700,74.67
2011-04-05,73.50,76.20,72.60,75.65,1650900,74.77
2011-04-04,72.30,73.75,72.10,73.05,1028400,72.20
2011-04-01,70.50,72.35,70.00,72.05,1764900,71.21
2011-03-31,70.10,70.65,69.75,70.05,1083500,69.24
2011-03-30,70.45,70.50,69.55,70.10,727500,69.29
2011-03-29,70.20,70.60,69.55,70.05,940700,69.24
2011-03-28,70.75,71.30,69.85,70.60,744000,69.78
2011-03-25,71.90,72.70,70.45,70.75,995300,69.93
2011-03-24,72.05,72.85,71.00,71.55,752400,70.72
2011-03-23,73.50,73.75,71.85,72.15,902700,71.31
2011-03-22,71.50,72.75,71.00,71.60,1118900,70.77
2011-03-21,70.90,71.70,70.00,70.50,494900,69.68
2011-03-18,70.90,70.90,69.50,70.55,1354100,69.73
2011-03-17,68.80,70.90,68.30,70.00,1613100,69.19
2011-03-16,70.00,70.85,68.35,69.40,538500,68.60
2011-03-15,68.50,70.30,66.80,69.90,1297400,69.09
2011-03-14,69.30,70.80,68.80,69.45,1199400,68.64
2011-03-11,68.25,71.20,68.20,70.15,1630400,69.34
2011-03-10,68.15,70.90,68.15,69.50,980400,68.69
2011-03-09,69.30,70.50,69.30,69.90,654100,69.09
2011-03-08,68.50,69.45,67.00,69.00,500700,68.20
2011-03-07,67.95,69.15,65.90,68.80,1415100,68.00
2011-03-04,69.90,70.45,68.10,68.35,529600,67.56
2011-03-03,67.50,69.70,66.55,69.35,970300,68.55
2011-03-01,66.95,68.60,66.20,68.25,802800,67.46
2011-02-28,66.95,68.30,65.45,66.00,1242800,65.23
2011-02-25,67.80,68.00,65.75,66.30,1134100,65.53
2011-02-24,72.90,72.90,66.05,66.60,2675700,65.83
2011-02-23,74.10,74.80,71.75,72.00,1475800,71.17
2011-02-22,75.10,76.30,73.50,74.15,4013400,73.29
2011-02-21,73.00,75.00,72.50,74.75,1358300,73.88
2011-02-18,74.05,74.95,72.10,73.25,1327100,72.40
2011-02-17,74.10,74.70,73.10,73.50,1867800,72.65
2011-02-16,72.40,73.35,70.90,72.35,933600,71.51
2011-02-15,73.10,74.80,71.80,72.30,955000,71.46
2011-02-14,67.80,77.40,67.80,73.10,2352000,72.25
2011-02-11,67.50,68.30,65.50,67.95,1075700,67.16
2011-02-10,64.70,68.20,62.50,66.95,2221400,66.17
2011-02-09,69.50,69.50,65.00,65.35,1629600,64.59
2011-02-08,73.10,74.00,68.90,69.25,2160600,68.45
2011-02-07,70.90,73.40,70.50,72.70,1796600,71.86
2011-02-04,75.50,76.10,70.60,71.00,4084700,70.18
2011-02-03,73.00,75.10,72.10,74.40,3020200,73.54
2011-02-02,72.00,74.15,71.00,71.95,2356300,71.12
2011-02-01,70.60,73.25,70.30,71.15,2098300,70.33
2011-01-31,72.00,74.00,69.00,70.60,1655100,69.78
2011-01-28,75.55,76.60,72.15,72.55,2723600,71.71
2011-01-27,77.10,79.00,74.30,74.85,2724000,73.98
2011-01-25,79.95,79.95,76.90,77.10,977000,76.21
2011-01-24,79.80,80.20,79.00,79.40,1364200,78.48
2011-01-21,78.85,80.50,77.60,79.40,1624900,78.48
2011-01-20,75.90,78.85,75.00,78.60,1636100,77.69
2011-01-19,77.90,78.80,75.60,76.00,1531000,75.12
2011-01-18,77.80,78.30,76.10,77.60,841200,76.70
2011-01-17,79.60,81.15,77.10,77.55,1951300,76.65
2011-01-14,80.70,83.20,79.05,79.65,2499200,78.73
2011-01-13,84.00,86.20,80.70,81.05,1851600,80.11
2011-01-12,80.40,84.65,80.00,83.75,1560500,82.78
2011-01-11,81.50,82.80,79.05,80.60,1865200,79.67
2011-01-10,86.60,86.60,80.90,81.75,1460300,80.80
2011-01-07,88.00,88.80,85.75,86.30,1573700,85.30
2011-01-06,90.65,91.25,88.35,89.00,1148500,87.97
2011-01-05,91.00,91.90,89.50,90.05,1222400,89.01
2011-01-04,91.50,92.95,89.70,91.15,2809700,90.09
2011-01-03,88.50,91.80,88.30,91.10,2636600,90.04
2010-12-31,90.10,91.00,87.50,87.90,2495100,86.88
2010-12-30,89.00,90.70,87.80,89.75,1698300,88.71
2010-12-29,90.00,91.40,88.65,89.00,2940100,87.97
2010-12-28,88.50,89.55,86.65,88.45,2307200,87.42
2010-12-27,86.10,89.80,86.10,88.00,5200100,86.98
2010-12-24,84.00,86.30,83.00,85.60,2826600,84.61
2010-12-23,81.40,83.90,80.20,83.25,1199600,82.28
2010-12-22,83.00,83.40,81.00,81.45,638900,80.51
2010-12-21,82.00,83.40,81.35,82.35,1157200,81.40
2010-12-20,80.10,82.40,79.50,82.00,1432700,81.05
2010-12-16,78.75,81.70,78.75,79.75,2204000,78.83
2010-12-15,79.40,79.65,76.40,77.85,902600,76.95
2010-12-14,78.50,79.90,77.25,79.15,1226900,78.23
2010-12-13,74.25,78.20,73.75,77.70,1929500,76.80
2010-12-10,70.55,74.35,69.05,73.65,1467100,72.80
2010-12-09,76.90,77.45,70.20,70.95,1946400,70.13
2010-12-08,78.20,78.25,75.10,75.90,1041100,75.02
2010-12-07,79.50,80.75,77.40,78.20,1738400,77.29
2010-12-06,80.75,81.75,79.50,80.00,973200,79.07
2010-12-03,81.55,82.30,77.65,79.85,2445200,78.92
2010-12-02,78.75,83.80,78.15,80.90,3120300,79.96
2010-12-01,77.00,79.50,77.00,77.90,2710200,77.00
2010-11-30,75.05,77.00,75.00,76.05,1403400,75.17
2010-11-29,75.00,79.00,75.00,75.65,2276900,74.77
2010-11-26,75.80,77.80,71.50,75.20,1803700,74.33
2010-11-25,78.00,78.50,76.10,76.70,571500,75.81
2010-11-24,75.00,79.00,75.00,77.45,1268900,76.55
2010-11-23,78.00,80.25,75.65,77.40,1475200,76.50
2010-11-22,79.50,81.00,78.70,79.95,1296400,79.02
2010-11-19,82.00,82.10,78.00,78.80,2012700,77.89
2010-11-18,82.00,82.90,78.15,81.60,2035100,80.65
2010-11-16,87.00,87.20,81.25,81.70,1736800,80.75
2010-11-15,89.20,89.20,85.10,86.35,2339900,85.35
2010-11-12,92.70,93.20,88.30,89.20,2231500,88.17
2010-11-11,96.80,97.70,92.70,93.60,2445300,92.51
2010-11-10,95.00,97.55,94.55,96.55,2948100,95.43
2010-11-09,94.50,96.85,93.50,94.70,3665000,93.60
2010-11-08,88.85,94.80,88.00,94.45,5482100,93.36
2010-11-05,89.70,89.80,87.95,88.20,199400,87.18
2010-11-04,86.80,88.20,86.50,87.90,588800,86.88
2010-11-03,87.50,87.95,86.20,86.50,920700,85.50
2010-11-02,86.60,87.75,86.20,87.15,1207400,86.14
2010-11-01,86.70,87.00,84.95,86.30,772200,85.30
2010-10-29,85.00,86.95,82.60,84.40,1044600,83.42
2010-10-28,88.40,89.00,83.50,84.85,2830100,83.87
2010-10-27,89.90,89.90,87.50,88.15,634500,87.13
2010-10-26,89.80,90.30,89.00,89.30,1222000,88.26
2010-10-25,90.00,90.00,88.30,89.40,1301900,88.36
2010-10-22,88.50,90.20,87.00,88.05,1898900,87.03
2010-10-21,89.00,89.30,87.55,88.05,868400,87.03
2010-10-20,87.00,89.55,86.00,88.10,2218000,87.08
2010-10-19,89.00,89.40,86.35,86.90,1060200,85.89
2010-10-18,90.30,90.60,87.60,88.15,866700,87.13
2010-10-15,91.75,92.40,89.20,90.05,665100,89.01
2010-10-14,93.40,93.95,91.05,91.75,637800,90.69
2010-10-13,93.70,94.20,92.90,93.10,1262600,92.02
2010-10-12,94.00,94.65,90.85,92.25,1403800,91.18
2010-10-11,93.45,95.00,92.90,94.25,717600,93.16
2010-10-08,94.00,95.20,91.50,92.85,2269800,91.77
2010-10-07,94.05,95.90,93.05,93.80,1322500,92.71
2010-10-06,94.50,95.00,93.75,94.30,1152200,93.21
2010-10-05,94.00,95.40,91.90,93.70,1214400,92.61
2010-10-04,94.50,94.50,92.65,93.55,953700,92.47
2010-10-01,93.50,94.70,92.90,93.90,2600700,92.81
2010-09-30,91.00,93.20,91.00,92.70,4143300,91.63
2010-09-29,94.05,94.05,89.90,90.45,2150000,89.40
2010-09-28,93.00,94.90,92.15,93.05,3706900,91.97
2010-09-27,90.00,92.55,89.60,92.10,5993500,91.03
2010-09-24,88.00,89.15,87.65,88.60,1319800,87.57
2010-09-23,89.00,90.50,87.35,87.70,2240300,86.68
2010-09-22,90.70,91.50,88.60,89.05,2527900,88.02
2010-09-21,92.30,93.90,90.00,90.60,2362600,89.55
2010-09-20,89.50,92.65,88.60,92.10,4073100,91.03
2010-09-17,88.00,89.90,86.90,89.50,2921900,88.46
2010-09-16,89.20,89.80,86.05,86.60,2905400,85.60
2010-09-15,89.60,90.40,88.90,89.25,1399000,88.22
2010-09-14,89.20,90.30,88.25,89.60,3364000,88.56
2010-09-13,90.00,90.60,87.80,88.55,2588100,87.52
2010-09-09,90.90,91.25,88.25,89.20,2981800,88.17
2010-09-08,90.60,92.95,90.05,90.60,4135800,89.55
2010-09-07,86.80,91.35,86.55,90.60,3765500,89.55
2010-09-06,87.10,87.40,85.70,86.30,876600,85.30
2010-09-03,89.00,89.00,86.25,86.80,2521700,85.79
2010-09-02,86.10,90.45,86.00,88.00,3542500,86.98
2010-09-01,84.80,86.45,84.15,85.55,695000,84.56
2010-08-31,84.70,84.90,83.15,83.80,493100,82.83
2010-08-30,85.00,86.65,84.50,84.85,744500,83.87
2010-08-27,87.30,87.90,84.50,84.75,540300,83.77
2010-08-26,86.10,88.00,85.80,87.30,760100,86.29
2010-08-25,87.05,88.40,86.05,86.65,1514600,85.65
2010-08-24,89.00,89.20,86.20,87.80,1628800,86.78
2010-08-23,88.00,89.90,87.60,88.20,2357900,87.18
2010-08-20,85.00,88.35,84.40,87.25,3730100,86.24
2010-08-19,85.10,86.20,84.50,85.05,684200,84.06
2010-08-18,85.80,86.40,84.50,84.85,669000,83.87
2010-08-17,85.80,86.35,84.50,85.05,1163300,84.06
2010-08-16,84.50,86.90,84.10,85.00,1899100,84.01
2010-08-13,83.60,85.15,83.60,84.10,724200,83.13
2010-08-12,82.55,84.40,82.55,83.60,762900,82.63
2010-08-11,84.00,85.40,83.20,84.40,988900,83.42
2010-08-10,86.00,86.25,83.30,83.75,1322400,82.78
2010-08-09,86.00,86.60,84.10,85.40,624900,84.41
2010-08-06,85.75,86.25,84.50,84.90,870200,83.92
2010-08-05,85.10,86.50,84.70,85.50,1276800,84.51
2010-08-04,85.90,86.25,83.70,85.40,3162300,84.41
2010-08-03,85.00,86.20,83.20,85.65,1773500,84.66
2010-08-02,83.15,85.65,80.50,84.60,1926800,83.62
2010-07-30,80.20,84.25,80.20,83.10,5404800,82.14
2010-07-29,80.35,80.90,79.25,80.10,1600900,79.17
2010-07-28,79.60,80.75,79.00,79.70,1775400,78.78
2010-07-27,79.80,79.90,78.10,79.25,1321300,78.33
2010-07-26,79.40,79.80,77.55,78.10,2203700,77.19
2010-07-23,80.30,81.90,79.10,79.80,3609000,78.87
2010-07-22,78.40,80.60,78.05,79.35,2258600,78.43
2010-07-21,80.95,81.75,78.45,79.00,3273300,78.08
2010-07-20,82.65,82.90,80.10,80.95,938400,80.01
2010-07-19,83.30,83.95,81.95,82.35,983000,81.40
2010-07-16,82.25,84.30,82.00,83.55,1363800,82.58
2010-07-15,85.45,85.45,81.60,82.50,2269700,81.54
2010-07-14,86.10,86.60,84.60,84.95,1345700,83.97
2010-07-13,84.80,86.85,84.60,85.55,1627400,84.56
2010-07-12,88.00,88.45,84.50,84.80,2193700,83.82
2010-07-09,84.75,88.80,84.10,87.40,6229100,86.39
2010-07-08,86.00,86.00,83.65,84.05,705100,83.08
2010-07-07,85.05,85.20,83.60,84.00,993200,83.03
2010-07-06,85.00,85.30,83.80,84.65,993500,83.67
2010-07-05,84.40,86.20,83.55,84.25,1144200,83.27
2010-07-02,85.30,85.45,83.70,84.00,1180400,83.03
2010-07-01,84.45,86.30,83.50,84.75,3010000,83.77
2010-06-30,82.00,85.40,81.80,84.45,3331600,83.47
2010-06-29,86.15,86.50,81.85,82.75,3688400,81.79
2010-06-28,79.70,87.25,79.50,86.05,8208300,85.05
2010-06-25,79.00,80.60,78.35,78.85,2171100,77.94
2010-06-24,80.00,80.40,77.55,78.05,2004000,77.15
2010-06-23,79.15,79.95,78.80,79.75,1179700,78.83
2010-06-22,79.65,80.20,78.60,79.85,1647500,78.92
2010-06-21,79.25,80.15,78.50,79.40,1419700,78.48
2010-06-18,80.10,80.65,78.00,78.25,1411200,77.34
2010-06-17,80.90,80.95,79.65,80.20,1578200,79.27
2010-06-16,81.40,81.65,80.10,80.45,1338900,79.52
2010-06-15,81.70,81.85,79.60,80.65,3369700,79.72
2010-06-14,78.00,81.45,77.70,79.75,1285900,78.83
2010-06-11,78.50,78.50,77.10,77.55,1347200,76.65
2010-06-10,76.90,77.25,76.10,76.90,967200,76.01
2010-06-09,79.00,79.00,75.55,76.25,2948000,75.37
2010-06-08,78.90,80.70,76.75,77.10,2136600,76.21
2010-06-07,80.30,80.75,77.55,78.85,3223800,77.94
2010-06-04,80.40,82.75,79.55,82.05,2876100,81.10
2010-06-03,81.45,81.60,79.20,79.65,1514800,78.73
2010-06-02,80.40,81.70,79.00,80.30,2430500,79.37
2010-06-01,79.90,81.95,78.75,79.90,2656200,78.97
2010-05-31,81.00,81.00,78.05,80.10,2552500,79.17
2010-05-28,79.00,81.25,77.70,80.65,4748500,79.72
2010-05-27,77.30,79.20,76.55,78.40,2600100,77.49
2010-05-26,77.60,77.60,75.65,77.30,3057800,76.40
2010-05-25,77.00,78.00,75.10,76.05,4578100,75.17
2010-05-24,74.45,78.00,73.60,77.05,3844200,76.16
2010-05-21,71.50,73.75,71.10,73.45,1232200,72.60
2010-05-20,73.35,74.50,73.05,73.45,1350800,72.60
2010-05-19,74.95,75.90,73.00,73.35,1765000,72.50
2010-05-18,76.50,76.95,74.30,75.15,2182100,74.28
2010-05-17,70.15,77.40,70.15,75.90,5960400,75.02
2010-05-14,75.90,76.50,71.80,72.65,2897600,71.81
2010-05-13,73.40,75.90,73.15,75.40,4464900,74.53
2010-05-12,72.10,73.50,70.10,72.60,3029500,71.76
2010-05-11,73.00,73.65,70.10,72.50,3753600,71.66
2010-05-10,79.80,79.80,70.60,72.70,5677300,71.86
2010-05-07,73.00,73.90,70.00,72.15,3308300,71.31
2010-05-06,74.95,75.90,73.00,75.05,4972100,74.18
2010-05-05,74.50,75.60,71.90,75.10,8178500,74.23
2010-05-04,82.10,82.15,74.80,75.55,6043500,74.67
2010-05-03,84.85,84.85,81.35,81.75,2941800,80.80
2010-04-30,83.50,84.50,82.55,83.35,2416300,82.38
2010-04-29,81.75,83.00,81.00,82.05,2583200,81.10
2010-04-28,81.00,83.20,80.70,82.20,3821100,81.25
2010-04-27,85.45,86.50,83.25,83.60,3890200,82.63
2010-04-26,88.50,89.35,85.25,85.65,4764600,84.66
2010-04-23,91.00,92.00,88.20,88.35,2807000,87.33
2010-04-22,93.15,93.20,91.00,91.45,1538500,90.39
2010-04-21,95.00,95.00,92.50,93.70,1873900,92.61
2010-04-20,92.00,95.20,92.00,94.55,1580500,93.45
2010-04-19,94.65,94.65,91.40,91.85,2620800,90.79
2010-04-16,98.10,99.00,94.95,95.20,2201100,94.10
2010-04-15,99.60,99.60,96.50,98.10,5336600,96.96
2010-04-13,93.55,97.25,92.80,96.50,5998700,95.38
2010-04-12,88.95,93.95,88.95,93.55,5912300,92.47
2010-04-09,90.00,90.50,88.40,88.80,1596400,87.77
2010-04-08,91.60,92.50,89.25,89.75,2985900,88.71
2010-04-07,91.50,93.50,91.00,91.70,3133700,90.64
2010-04-06,91.25,92.00,90.40,90.85,3170500,89.80
2010-04-05,88.40,91.40,88.10,90.85,3905700,89.80
2010-04-01,92.20,92.20,87.70,88.10,6106800,87.08
2010-03-31,97.00,97.20,91.65,92.25,3894200,91.18
2010-03-30,94.45,96.75,93.30,95.90,4596600,94.79
2010-03-29,93.30,94.20,92.20,93.75,2590900,92.66
2010-03-26,93.50,95.65,92.20,92.95,3753200,91.87
2010-03-25,92.50,93.50,90.30,92.65,5622200,91.58
2010-03-23,91.10,93.50,90.30,91.25,2684300,90.19
2010-03-22,93.05,95.80,92.00,92.55,3544600,91.48
2010-03-19,95.40,96.20,91.50,94.55,3758100,93.45
2010-03-18,94.70,96.50,92.75,95.35,2716800,94.24
2010-03-17,97.50,97.75,93.15,93.95,3515400,92.86
2010-03-16,95.60,97.50,93.70,97.00,6733600,95.88
2010-03-15,95.90,95.90,90.70,95.00,7601000,93.90
2010-03-12,96.25,97.50,92.10,93.30,9945900,92.22
2010-03-11,98.00,99.50,94.50,96.55,12916500,95.43
2010-03-10,108.00,108.00,99.60,100.05,6666400,98.89
2010-03-09,111.45,111.45,108.05,108.55,2339400,107.29
2010-03-08,113.00,114.60,110.55,111.15,2538300,109.86
2010-03-05,109.85,112.90,107.50,112.00,5422100,110.70
2010-03-04,110.00,110.50,107.50,109.15,3431400,107.88
2010-03-03,104.50,109.75,103.75,108.95,3284600,107.69
2010-03-02,107.00,107.25,100.00,103.50,3955700,102.30
2010-02-26,104.95,108.90,101.75,105.55,3432900,104.33
2010-02-25,107.25,107.60,103.10,103.90,3122900,102.70
2010-02-24,101.55,107.00,100.10,106.30,4565000,105.07
2010-02-23,107.00,107.90,102.30,102.90,2928500,101.71
2010-02-22,108.00,110.00,105.10,106.20,2768700,104.97
2010-02-19,111.00,111.35,105.90,107.10,3745100,105.86
2010-02-18,117.00,117.50,110.40,111.35,2522800,110.06
2010-02-17,117.00,117.90,115.30,116.25,3157500,114.90
2010-02-16,115.00,116.45,114.30,116.00,1899300,114.66
2010-02-15,117.50,117.85,113.80,114.25,2196100,112.93
2010-02-11,116.25,118.80,115.75,116.90,2369700,115.54
2010-02-10,118.50,118.60,114.60,115.15,2252000,113.82
2010-02-09,119.00,121.50,117.00,117.80,2786100,116.43
2010-02-08,118.00,120.40,115.55,117.95,2821900,116.58
2010-02-05,118.00,118.00,110.10,116.60,3019700,115.25
2010-02-04,120.55,124.25,117.20,119.10,000,117.72
2010-02-03,120.50,123.25,116.80,122.65,000,121.23
2010-02-02,125.75,126.50,118.55,119.75,000,118.36
2010-02-01,119.55,124.95,119.00,124.40,000,122.96
2010-01-29,117.60,123.20,114.00,120.15,000,118.76
2010-01-28,119.55,122.90,117.00,118.75,000,117.37
2010-01-27,126.50,126.90,119.70,120.10,000,118.71
2010-01-26,129.10,129.10,129.10,129.10,000,127.60
2010-01-25,125.00,127.35,121.60,126.10,000,124.64
2010-01-22,123.00,125.00,118.80,124.00,000,122.56
2010-01-21,128.00,129.35,124.00,124.15,000,122.71
2010-01-20,129.25,126.75,127.30,131.00,1733200,129.48
2010-01-19,130.00,131.85,127.50,129.10,2897300,127.60
2010-01-18,134.90,135.40,129.80,130.50,3142200,128.99
2010-01-15,134.50,136.20,133.60,134.70,2640400,133.14
2010-01-14,135.60,137.00,134.00,135.50,1917100,133.93
2010-01-13,135.55,136.55,131.90,135.90,3717800,134.32
2010-01-12,140.00,140.55,135.85,137.00,2266800,135.41
2010-01-11,144.00,145.40,141.50,142.30,2679800,137.69
2010-01-08,141.60,144.40,139.80,144.05,3149800,139.38
2010-01-07,143.00,143.45,139.25,140.40,2257000,135.85
2010-01-06,142.10,144.40,140.70,141.85,3123200,137.25
2010-01-05,141.40,142.30,139.50,140.90,3082400,136.33
2010-01-04,132.95,139.80,132.10,139.75,2694900,135.22
2010-01-01,132.75,132.75,132.75,132.75,000,128.44
2009-12-31,135.85,136.00,132.10,132.75,4259700,128.44
2009-12-30,139.90,139.90,131.00,135.25,2497300,130.86
2009-12-29,130.00,133.85,129.45,133.00,3430100,128.69
2009-12-28,129.50,129.50,129.50,129.50,000,125.30
2009-12-25,129.50,129.50,129.50,129.50,000,125.30
2009-12-24,133.40,133.40,129.20,129.50,2256500,125.30
2009-12-23,131.85,133.10,130.45,130.85,4215300,126.61
2009-12-22,129.20,131.00,128.50,130.65,3456800,126.41
2009-12-21,133.00,135.20,127.35,127.55,4015200,123.41
2009-12-18,146.10,147.70,131.60,133.05,4330100,128.74
2009-12-17,134.90,136.25,133.25,133.30,2561200,128.98
2009-12-16,135.50,137.55,132.90,135.80,2874700,131.40
2009-12-15,143.00,143.00,134.60,136.15,6839900,131.73
2009-12-14,145.00,146.20,141.50,141.90,3755700,137.30
2009-12-11,144.90,148.40,140.20,143.45,7559700,138.80
2009-12-10,138.65,143.80,138.55,143.30,3412900,138.65
2009-12-09,139.80,140.75,137.15,139.50,2367300,134.98
2009-12-08,132.50,139.50,132.00,139.25,3496900,134.73
2009-12-07,132.00,134.70,131.00,131.75,1430300,127.48
2009-12-04,131.25,133.65,130.05,131.15,1413400,126.90
2009-12-03,132.00,134.95,130.80,132.85,2069900,128.54
2009-12-02,136.45,136.45,132.30,133.45,1966800,129.12
2009-12-01,132.35,135.90,132.10,135.00,2709800,130.62
2009-11-30,128.00,132.20,128.00,131.30,2942800,127.04
2009-11-27,128.00,129.75,120.20,126.65,4712400,122.54
2009-11-26,134.75,134.90,129.30,130.55,4530400,126.32
2009-11-25,136.00,149.70,130.15,134.00,5454900,129.65
2009-11-24,126.00,134.60,125.00,133.20,6324200,128.88
2009-11-23,134.70,135.00,124.15,126.70,5724200,122.59
2009-11-20,137.00,139.40,131.40,134.70,5028700,130.33
2009-11-19,144.00,144.90,135.00,137.00,2999600,132.56
2009-11-18,142.00,144.85,140.50,144.65,2461600,139.96
2009-11-17,142.00,143.10,139.00,141.60,2922300,137.01
2009-11-16,146.00,146.50,140.10,140.60,2770200,136.04
2009-11-13,144.90,146.50,144.15,144.80,2826100,140.10
2009-11-12,145.70,148.00,143.40,144.35,4484500,139.67
2009-11-11,143.15,145.85,140.00,144.80,4140300,140.10
2009-11-10,149.10,149.50,142.00,143.75,3730800,139.09
2009-11-09,150.00,150.00,145.30,148.00,3386800,143.20
2009-11-06,145.50,149.40,142.50,147.80,7968400,143.01
2009-11-05,139.15,144.80,137.20,143.65,7018400,138.99
2009-11-04,136.00,141.90,130.60,141.55,8192200,136.96
2009-11-03,149.05,149.05,132.00,133.90,15003600,129.56
2009-11-02,149.10,149.10,149.10,149.10,000,144.26
2009-10-30,160.10,168.00,146.05,149.10,20415400,144.26
2009-10-29,154.90,158.80,148.00,151.25,17830600,146.34
2009-10-28,144.50,156.85,142.60,156.30,18833500,151.23
2009-10-27,146.80,150.35,140.30,144.05,10763900,139.38
2009-10-26,139.50,148.50,139.50,145.00,10621900,140.30
2009-10-23,134.50,139.45,134.50,137.60,3891500,133.14
2009-10-22,134.80,137.20,131.60,135.60,4041400,131.20
2009-10-21,142.90,142.90,130.60,133.65,5262000,129.32
2009-10-20,139.10,143.80,138.60,141.70,7044700,137.10
2009-10-19,134.50,134.50,134.50,134.50,000,130.14
2009-10-16,134.85,137.00,133.35,134.50,2899200,130.14
2009-10-15,142.00,142.00,132.30,133.70,5434600,129.36
2009-10-14,129.50,137.35,128.60,136.50,4322400,132.07
2009-10-13,128.20,128.20,128.20,128.20,000,124.04
2009-10-12,130.45,130.80,126.55,128.20,2043500,124.04
2009-10-09,133.45,133.45,128.90,129.10,3491400,124.91
2009-10-08,131.30,134.25,129.00,131.80,5591200,127.53
2009-10-07,127.00,133.50,125.90,131.30,9952900,127.04
2009-10-06,122.65,127.00,118.25,126.60,5175300,122.49
2009-10-05,120.00,123.50,119.30,120.70,3654500,116.79
2009-10-02,121.80,121.80,121.80,121.80,000,117.85
2009-10-01,122.50,122.75,120.60,121.80,1868700,117.85
2009-09-30,120.90,123.10,120.20,122.30,2852000,118.33
2009-09-29,122.20,122.70,119.30,120.30,1833100,116.40
2009-09-28,121.00,121.00,121.00,121.00,000,117.08
2009-09-25,121.00,122.40,119.00,121.00,1968800,117.08
2009-09-24,117.50,121.40,116.50,120.45,2926000,116.54
2009-09-23,122.50,123.00,117.50,119.10,2431200,115.24
2009-09-22,125.00,125.20,121.45,122.15,2503400,118.19
2009-09-21,125.00,125.00,125.00,125.00,000,120.95
2009-09-18,127.85,127.85,123.05,125.00,3763500,120.95
2009-09-17,126.00,129.20,124.35,126.70,8520200,122.59
2009-09-16,122.80,125.40,121.10,124.60,5654700,120.56
2009-09-15,124.05,124.35,121.00,121.50,3555100,117.56
2009-09-14,119.00,123.90,119.00,123.30,3915500,119.30
2009-09-11,122.00,122.25,117.15,120.15,3353000,116.25
2009-09-10,122.80,123.50,117.15,120.45,4948400,116.54
2009-09-09,124.00,124.35,120.75,121.10,3402500,117.17
2009-09-08,122.40,125.70,121.15,124.50,5495600,120.46
2009-09-07,120.00,121.90,118.15,121.75,3383400,117.80
2009-09-04,123.00,123.55,118.80,119.70,4103300,115.82
2009-09-03,121.00,123.50,120.00,122.50,6938900,118.53
2009-09-02,119.80,121.35,117.55,119.40,6706800,115.53
2009-09-01,119.40,120.30,117.00,118.60,5532300,114.75
2009-08-31,113.50,117.45,111.40,116.40,5643000,112.63
2009-08-28,114.50,116.35,112.00,113.30,4037600,109.63
2009-08-27,110.90,115.40,109.30,115.25,7058500,111.51
2009-08-26,113.10,114.80,110.60,110.90,6433300,107.30
2009-08-25,114.60,115.95,112.45,113.05,3442800,109.38
2009-08-24,115.90,116.95,114.45,116.20,2124800,112.43
2009-08-21,116.50,116.50,116.50,116.50,000,112.72
2009-08-20,116.50,116.50,116.50,116.50,000,112.72
2009-08-19,116.50,116.50,116.50,116.50,000,112.72
2009-08-18,116.50,116.50,116.50,116.50,000,112.72
2009-08-17,116.55,120.50,114.75,116.50,7578500,112.72
2009-08-14,127.80,127.80,117.55,119.55,8104900,115.67
2009-08-13,125.45,127.50,124.55,126.75,6828300,122.64
2009-08-12,119.75,123.80,119.05,122.85,8027800,118.87
2009-08-11,120.90,123.85,118.10,121.10,7859800,117.17
2009-08-10,125.00,125.50,117.75,118.45,6635600,114.61
2009-08-07,119.75,122.60,117.35,121.70,6734000,117.75
2009-08-06,126.00,126.80,117.30,120.00,5582100,116.11
2009-08-05,121.80,127.60,121.75,126.00,9542900,121.91
2009-08-04,125.80,125.80,117.45,120.80,5827900,116.88
2009-08-03,119.75,123.80,119.00,123.00,7786400,119.01
2009-07-31,119.70,121.20,116.60,118.30,7145300,114.46
2009-07-30,117.00,119.50,114.80,118.35,8344700,114.51
2009-07-29,110.20,119.00,107.15,117.20,23075800,113.40
2009-07-28,108.45,112.20,106.05,109.65,12937500,106.09
2009-07-27,109.00,111.25,106.60,107.40,7684700,103.92
2009-07-24,107.85,108.70,105.10,108.50,5115000,104.98
2009-07-23,106.50,107.40,104.05,106.60,2401000,103.14
2009-07-22,107.50,107.75,103.20,106.05,2118300,102.61
2009-07-21,108.00,109.90,105.60,106.30,2843700,102.85
2009-07-20,106.50,108.40,104.75,106.90,2763400,103.43
2009-07-17,102.50,107.40,102.50,105.95,3511000,102.51
2009-07-16,104.80,105.80,101.00,102.00,2166500,98.69
2009-07-15,100.00,103.60,97.00,103.25,3461700,99.90
2009-07-14,95.00,98.90,95.00,97.45,4453300,94.29
2009-07-13,99.00,101.35,87.45,94.35,8648000,91.29
2009-07-10,103.00,104.50,99.00,99.70,2632500,96.47
2009-07-09,102.35,103.40,100.00,102.35,2883700,99.03
2009-07-08,103.90,105.25,100.25,101.45,4129500,98.16
2009-07-07,103.85,107.35,102.55,104.50,4275500,101.11
2009-07-06,109.50,110.20,101.25,102.40,2610600,99.08
2009-07-03,109.90,109.90,106.25,108.60,3366900,105.08
2009-07-02,111.70,111.70,105.60,109.10,3297600,105.56
2009-07-01,107.00,111.30,103.35,111.10,4990400,107.50
2009-06-30,114.50,114.75,103.00,107.15,5495700,103.68
2009-06-29,111.00,115.00,110.25,113.25,6328200,109.58
2009-06-26,105.50,111.20,105.50,109.60,10556900,106.05
2009-06-25,108.00,108.90,103.10,105.00,7582800,101.59
2009-06-24,100.50,107.70,100.50,106.40,7116200,102.95
2009-06-23,99.80,101.95,98.00,99.60,5177900,96.37
2009-06-22,106.80,107.45,101.00,101.10,4827900,97.82
2009-06-19,104.00,106.20,102.25,104.65,6809900,101.26
2009-06-18,101.20,104.55,97.20,103.50,7587700,100.14
2009-06-17,106.00,108.80,99.35,101.30,8319800,98.01
2009-06-16,102.00,106.45,98.55,104.90,6044000,101.50
2009-06-15,105.00,105.20,100.05,102.00,3930100,98.69
2009-06-12,110.00,110.45,103.80,104.50,8353600,101.11
2009-06-11,102.50,108.95,101.25,106.30,12117800,102.85
2009-06-10,104.00,104.80,97.15,101.10,5604300,97.82
2009-06-09,99.00,103.75,96.20,103.40,6991800,100.05
2009-06-08,99.00,105.00,95.55,97.50,12118600,94.34
2009-06-05,95.00,102.50,94.10,97.70,13334600,94.53
2009-06-04,91.00,95.50,89.20,94.35,5793300,91.29
2009-06-03,95.00,96.00,89.00,91.60,4945400,88.63
2009-06-02,92.50,95.20,89.00,93.90,6614700,90.85
2009-06-01,82.00,91.90,82.00,91.85,4724300,88.87
2009-05-29,86.00,89.00,85.50,87.25,5319000,84.42
2009-05-28,82.60,85.95,82.60,85.40,4282400,82.63
2009-05-27,75.05,87.00,75.05,82.90,5598300,80.21
2009-05-26,91.00,91.95,84.10,85.50,3358200,82.73
2009-05-25,85.40,91.20,84.60,90.60,5833100,87.66
2009-05-22,84.10,86.85,83.35,84.55,4304100,81.81
2009-05-21,85.50,89.75,83.00,85.15,5755000,82.39
2009-05-20,83.00,88.40,82.50,86.00,6731300,83.21
2009-05-19,89.90,90.00,70.00,83.40,7406900,80.70
2009-05-18,82.00,87.50,81.40,86.50,19200,83.69
2009-05-15,77.00,78.25,76.80,77.20,3246600,74.70
2009-05-14,76.00,78.70,75.55,76.20,3699700,73.73
2009-05-13,80.00,81.40,77.20,77.65,4825800,75.13
2009-05-12,77.00,80.00,77.00,79.40,6831100,76.83
2009-05-11,78.90,79.40,74.90,77.50,7543000,74.99
2009-05-08,78.00,80.00,74.00,78.60,7957100,76.05
2009-05-07,75.55,78.90,75.55,77.35,5367500,74.84
2009-05-06,78.90,81.50,73.65,76.05,14872700,73.58
2009-05-05,74.00,80.50,71.40,77.25,21586900,74.74
2009-05-04,71.00,75.00,70.30,73.00,6918300,70.63
2009-05-01,69.90,69.90,69.90,69.90,000,67.63
2009-04-30,69.90,69.90,69.90,69.90,000,67.63
2009-04-29,66.40,70.20,66.20,69.90,6670300,67.63
2009-04-28,70.00,70.30,62.75,66.00,3813800,63.86
2009-04-27,72.00,73.30,68.10,69.05,3569600,66.81
2009-04-24,70.00,72.50,69.05,72.50,3457600,70.15
2009-04-23,72.00,72.35,68.50,69.90,6176300,67.63
2009-04-22,73.10,74.00,68.80,70.20,4613800,67.92
2009-04-21,71.00,73.15,68.35,72.60,8167000,70.25
2009-04-20,72.00,73.80,70.10,71.85,3396000,69.52
2009-04-17,72.10,78.00,68.50,72.60,9000700,70.25
2009-04-16,77.00,78.40,67.10,68.30,4380900,66.09
2009-04-15,72.00,77.00,70.00,76.50,4400700,74.02
2009-04-14,71.25,71.25,71.25,71.25,000,68.94
2009-04-13,66.10,73.80,66.10,71.25,5247300,68.94
2009-04-10,66.05,66.05,66.05,66.05,000,63.91
2009-04-09,63.00,67.80,61.35,66.05,4269500,63.91
2009-04-08,57.00,62.80,56.60,62.00,6311000,59.99
2009-04-07,57.95,57.95,57.95,57.95,000,56.07
2009-04-06,58.60,59.10,55.40,57.95,1884900,56.07
2009-04-02,57.00,58.00,55.80,57.45,2059000,55.59
2009-04-01,53.50,56.30,52.05,56.15,2377100,54.33
2009-03-31,50.00,54.25,49.60,52.75,2996700,51.04
2009-03-30,48.50,52.90,48.50,49.60,1576600,47.99
2009-03-27,50.10,52.45,49.50,52.20,2155800,50.51
2009-03-26,48.80,49.75,47.00,49.70,1820600,48.09
2009-03-25,48.25,49.55,47.75,48.70,1654500,47.12
2009-03-24,49.10,49.95,47.50,48.25,2639000,46.69
2009-03-23,46.50,49.20,45.50,49.05,1479800,47.46
2009-03-20,45.60,45.80,44.50,45.25,798300,43.78
2009-03-19,46.00,46.00,44.15,45.40,1006300,43.93
2009-03-18,46.05,47.65,44.10,45.30,2603100,43.83
2009-03-17,46.60,48.30,45.25,45.75,1405000,44.27
2009-03-16,46.50,47.70,45.50,46.60,1042100,45.09
2009-03-13,46.00,46.95,45.00,46.30,1087100,44.80
2009-03-12,45.00,45.75,44.25,45.45,954900,43.98
2009-03-09,44.10,45.65,42.35,44.85,2893500,43.40
2009-03-06,43.10,45.85,43.10,43.55,2508800,42.14
2009-03-05,47.55,47.85,42.85,44.40,2625500,42.96
2009-03-04,46.50,48.80,46.10,47.30,2284300,45.77
2009-03-03,47.10,48.60,46.50,47.00,1024400,45.48
2009-03-02,46.00,50.20,45.10,47.25,3648100,45.72
2009-02-27,46.90,48.70,46.30,47.10,1246400,45.57
2009-02-26,46.00,49.20,46.00,48.00,3199200,46.44
2009-02-25,49.50,50.55,46.55,46.85,2171700,45.33
2009-02-24,50.25,51.45,48.20,48.60,2294700,47.02
2009-02-20,55.00,55.00,52.50,52.90,1424900,51.18
2009-02-19,54.50,56.10,54.25,55.30,1352600,53.51
2009-02-18,55.90,57.20,54.55,54.75,2379100,52.97
2009-02-17,54.55,57.45,54.55,55.85,2576800,54.04
2009-02-16,61.95,62.25,56.20,56.85,1876200,55.01
2009-02-13,58.90,61.75,58.10,61.65,2997500,59.65
2009-02-12,58.00,59.65,57.05,58.50,1192200,56.60
2009-02-11,55.10,58.95,54.05,58.65,3373100,56.75
2009-02-10,60.00,60.00,55.60,55.70,2539500,53.89
2009-02-09,60.20,60.50,58.90,59.95,1479000,58.01
2009-02-06,58.20,60.25,58.10,59.50,1784000,57.57
2009-02-05,58.25,59.00,57.35,58.10,1497600,56.22
2009-02-04,60.05,60.35,53.25,58.15,7129500,56.26
2009-02-03,59.40,62.30,59.40,60.95,6202600,58.97
2009-02-02,59.00,61.95,58.60,58.80,5586300,56.89
2009-01-30,55.00,61.30,53.50,59.50,6320500,57.57
2009-01-29,54.55,56.50,53.05,55.00,2733100,53.22
2009-01-28,54.50,54.70,53.60,54.55,1137200,52.78
2009-01-27,53.05,54.90,52.00,53.90,1818200,52.15
2009-01-23,51.00,55.50,49.20,52.90,1947500,51.18
2009-01-22,53.95,53.95,50.35,51.40,1168300,49.73
2009-01-21,53.20,54.75,51.45,51.55,2095000,49.88
2009-01-20,54.00,55.20,53.00,54.85,1337000,53.07
2009-01-19,55.80,56.15,53.35,54.75,2867800,52.97
2009-01-16,51.90,54.50,51.25,54.50,4737400,52.73
2009-01-15,45.55,51.00,45.55,50.55,3361800,48.43
2009-01-14,45.45,49.50,45.00,48.00,3162000,45.98
2009-01-13,46.00,48.25,37.85,45.00,3020300,43.11
2009-01-12,49.90,49.90,46.40,46.85,1372400,44.88
2009-01-09,49.00,50.25,46.50,49.20,1701400,47.13
2009-01-08,49.65,49.65,49.65,49.65,000,47.56
2009-01-07,51.50,54.50,48.00,49.65,5390600,47.56
2009-01-06,50.90,52.50,49.90,51.55,2800500,49.38
2009-01-05,51.00,51.40,48.40,50.85,1795100,48.71
2009-01-02,51.80,52.40,49.10,50.00,2193400,47.90
2009-01-01,50.60,52.00,50.45,51.50,2556200,49.34
2008-12-31,48.50,52.10,48.50,49.65,5249100,47.56
2008-12-30,46.00,48.75,45.05,48.20,3476300,46.18
2008-12-29,45.00,46.25,43.30,46.00,1298600,44.07
2008-12-26,47.90,48.85,44.10,45.00,2669500,43.11
2008-12-25,46.70,46.70,46.70,46.70,000,44.74
2008-12-24,46.70,47.25,45.50,46.70,2043000,44.74
2008-12-23,46.10,48.60,45.70,46.80,3189500,44.83
2008-12-22,44.90,47.80,43.45,46.60,3933100,44.64
2008-12-19,44.65,45.30,42.25,43.60,2932900,41.77
2008-12-18,44.40,45.00,42.60,44.80,2206700,42.92
2008-12-17,47.00,47.10,42.70,43.45,2986000,41.63
2008-12-16,45.25,47.70,45.25,45.85,4801900,43.92
2008-12-15,41.05,47.80,41.05,45.15,5302200,43.25
2008-12-12,35.80,41.60,35.00,40.80,4613000,39.09
2008-12-11,35.00,36.95,34.45,36.30,2676400,34.78
2008-12-10,32.20,34.60,32.00,34.10,2912000,32.67
2008-12-08,35.00,35.50,32.70,32.85,754800,31.47
2008-12-05,34.95,35.55,33.50,34.00,959900,32.57
2008-12-04,34.00,35.20,33.55,34.80,924900,33.34
2008-12-03,32.90,34.25,32.10,33.80,1007200,32.38
2008-12-02,30.25,32.50,29.30,32.25,1174100,30.90
2008-12-01,33.30,33.30,30.90,31.00,1392100,29.70
2008-11-28,33.00,33.00,30.50,32.40,1452000,31.04
2008-11-26,34.25,34.50,31.50,32.90,1852600,31.52
2008-11-25,36.80,37.50,33.20,33.30,2155300,31.90
2008-11-24,35.50,36.50,34.25,35.15,1133100,33.67
2008-11-21,36.00,38.10,31.40,34.95,3671600,33.48
2008-11-20,37.60,38.00,36.00,36.90,1110000,35.35
2008-11-19,39.60,41.00,38.10,38.40,1760000,36.79
2008-11-18,37.50,41.10,36.50,39.70,2258200,38.03
2008-11-17,39.00,40.40,35.80,38.20,2048000,36.60
2008-11-14,43.00,43.40,38.10,39.20,2766200,37.55
2008-11-12,40.05,44.25,40.05,42.00,2192800,40.24
2008-11-11,45.75,47.40,41.80,43.50,2744400,41.67
2008-11-10,45.00,46.20,43.90,45.65,1486900,43.73
2008-11-07,43.70,44.50,42.05,44.40,1265900,42.54
2008-11-06,43.70,47.40,41.55,42.90,3389300,41.10
2008-11-05,49.05,50.45,44.40,44.70,3276800,42.82
2008-11-04,42.95,49.00,42.35,48.00,4570000,45.98
2008-11-03,44.00,45.75,41.50,43.00,2887800,41.19
2008-10-31,38.90,44.00,38.65,42.55,2944600,40.76
2008-10-29,45.00,45.00,35.55,37.70,4799200,36.12
2008-10-28,40.70,45.75,40.70,43.00,388800,41.19
2008-10-27,39.00,41.50,35.70,39.85,1524800,38.18
2008-10-24,44.90,45.40,39.50,40.35,1964100,38.66
2008-10-23,47.00,47.70,45.00,45.25,2176600,43.35
2008-10-22,47.00,49.30,45.35,47.40,2681100,45.41
2008-10-21,47.45,48.75,46.10,47.25,1988500,45.27
2008-10-20,52.50,52.50,45.00,46.25,4303300,44.31
2008-10-17,56.50,58.00,52.00,52.25,1919000,50.06
2008-10-16,42.55,58.80,42.55,54.85,3864900,52.55
2008-10-15,50.55,53.60,50.10,51.45,2487000,49.29
2008-10-14,56.50,60.00,51.90,52.20,5973100,50.01
2008-10-13,54.90,59.20,53.80,54.90,3830400,52.59
2008-10-10,60.00,60.00,50.10,53.00,3230000,50.77
2008-10-08,64.00,64.70,54.00,63.50,3373200,60.83
2008-10-07,70.95,79.00,64.50,67.90,2298600,65.05
2008-10-06,76.10,77.00,67.00,69.10,2738800,66.20
2008-10-03,79.35,80.80,77.00,78.30,872200,75.01
2008-10-01,81.25,82.90,78.30,79.60,1718900,76.26
2008-09-30,73.50,82.35,73.30,82.00,2027100,78.56
2008-09-29,83.00,83.00,74.75,78.00,2621400,74.72
2008-09-26,84.15,86.40,80.40,81.35,2509000,77.93
2008-09-25,85.50,86.50,82.35,86.00,4506400,82.39
2008-09-24,87.50,88.30,85.10,85.85,1080500,82.24
2008-09-23,84.10,88.65,84.00,87.15,2262300,83.49
2008-09-22,87.50,88.00,85.00,85.05,1264300,81.48
2008-09-19,85.50,88.00,84.10,87.50,2508900,83.82
2008-09-18,78.55,83.90,78.00,82.70,1703600,79.23
2008-09-17,86.70,87.40,82.70,83.50,3843100,79.99
2008-09-16,82.15,85.30,80.00,85.20,1986500,81.62
2008-09-15,84.40,84.50,79.80,84.10,3061000,80.57
2008-09-12,91.00,91.80,85.70,86.50,3391600,82.87
2008-09-11,91.40,92.95,89.80,90.60,2122200,86.79
2008-09-10,95.00,95.40,91.05,91.85,3277700,87.99
2008-09-09,92.80,95.75,91.50,95.30,6270700,91.30
2008-09-08,90.25,94.00,89.30,92.45,9871300,88.57
2008-09-05,88.50,89.70,87.10,87.60,2585400,83.92
2008-09-04,90.00,92.20,88.70,89.70,3222100,85.93
2008-09-02,90.50,91.45,87.10,90.25,2905200,86.46
2008-09-01,91.10,93.45,88.85,91.05,4113900,87.23
2008-08-29,86.00,92.95,86.00,92.95,7104900,89.05
2008-08-28,93.00,93.55,85.55,86.50,6949700,82.87
2008-08-27,94.00,95.00,91.65,92.05,1653200,88.18
2008-08-26,93.00,94.55,92.50,94.00,1556500,90.05
2008-08-25,96.00,96.10,93.30,93.55,2208200,89.62
2008-08-22,92.70,95.55,91.90,94.90,3936900,90.91
2008-08-21,95.90,96.25,92.20,92.60,3176900,88.71
2008-08-20,97.10,98.00,94.15,95.90,6839700,91.87
2008-08-19,90.00,96.50,88.00,96.50,6794100,92.45
2008-08-18,91.90,94.15,87.80,89.00,6986600,85.26
2008-08-14,91.00,93.60,88.70,91.50,5617600,87.66
2008-08-13,95.00,95.30,90.40,91.10,3128100,87.27
2008-08-12,94.80,96.85,94.05,95.00,4048300,91.01
2008-08-11,94.50,95.30,93.10,93.30,2209100,89.38
2008-08-08,94.05,95.30,90.65,93.05,7481000,89.14
2008-08-07,93.85,98.90,93.05,94.05,8357400,90.10
2008-08-06,93.00,98.00,92.15,93.30,9718500,89.38
2008-08-05,90.00,92.35,89.50,92.10,4925000,88.23
2008-08-04,89.00,92.30,88.40,89.90,4640700,86.12
2008-08-01,84.95,89.90,83.50,88.90,5940300,85.17
2008-07-31,85.00,87.35,83.40,85.20,5369700,81.62
2008-07-30,84.50,85.75,83.15,84.30,2182200,80.76
2008-07-29,81.00,84.25,80.50,83.55,3285100,80.04
2008-07-28,77.00,83.15,76.50,82.75,4153300,79.27
2008-07-25,74.00,79.50,73.20,77.95,4138400,74.68
2008-07-24,78.00,79.45,74.00,74.85,2437600,71.71
2008-07-23,76.80,80.80,75.40,77.45,3816600,74.20
2008-07-22,74.00,75.50,73.20,74.10,2155100,70.99
2008-07-21,75.50,75.80,72.80,73.10,2627100,70.03
2008-07-18,74.90,75.80,72.20,73.20,2166200,70.13
2008-07-17,77.80,79.00,73.80,74.60,2792100,71.47
2008-07-16,73.50,77.75,73.50,75.80,3948900,72.62
2008-07-15,74.90,75.00,72.20,73.00,1493600,69.93
2008-07-14,75.05,76.00,73.10,75.15,1275700,71.99
2008-07-11,77.20,77.85,73.20,74.60,1746600,71.47
2008-07-10,74.05,77.70,73.50,76.50,3134900,73.29
2008-07-09,73.00,76.45,73.00,75.55,4868000,72.38
2008-07-08,74.90,75.70,70.20,73.10,4747700,70.03
2008-07-07,81.10,82.90,75.60,76.30,4242500,73.10
2008-07-04,76.00,82.35,76.00,79.90,3919300,76.54
2008-07-03,79.00,83.70,72.50,75.20,6519900,72.04
2008-07-02,72.90,79.75,69.65,79.50,4201400,76.16
2008-07-01,78.10,81.00,68.00,71.00,2522300,68.02
2008-06-30,84.20,85.90,79.00,79.75,2616400,76.40
2008-06-27,83.50,84.80,82.05,83.30,1410400,79.80
2008-06-26,86.05,87.00,83.90,84.00,4949700,80.47
2008-06-25,82.80,86.25,80.15,85.20,3141700,81.62
2008-06-24,84.00,85.40,82.05,83.00,2648900,79.51
2008-06-23,83.00,86.00,81.05,83.70,3178100,80.18
2008-06-20,89.00,90.00,83.30,84.75,3145400,81.19
2008-06-19,85.00,89.70,83.15,88.05,5670600,84.35
2008-06-18,89.00,91.95,85.00,86.20,4920800,82.58
2008-06-17,87.00,90.40,86.00,89.35,6150800,85.60
2008-06-16,82.50,88.30,82.00,86.30,3632700,82.68
2008-06-13,83.00,83.00,80.15,81.00,1536000,77.60
2008-06-12,77.05,83.70,75.55,82.35,3906200,78.89
2008-06-11,77.25,79.20,74.50,79.10,2835200,75.78
2008-06-10,75.50,78.30,72.55,76.75,1867200,73.53
2008-06-09,75.10,76.85,71.00,76.75,3813000,73.53
2008-06-06,77.00,80.25,76.95,77.05,2711600,73.81
2008-06-05,79.00,79.50,73.80,77.05,5123500,73.81
2008-06-04,81.00,81.90,77.50,78.50,3726500,75.20
2008-06-03,84.00,84.50,77.15,79.75,8378100,76.40
2008-06-02,92.00,94.80,83.55,85.90,4289000,82.29
2008-05-30,90.00,93.00,88.40,92.10,3499700,88.23
2008-05-29,94.00,94.50,89.10,89.40,3345600,85.65
2008-05-28,88.00,93.60,87.50,93.20,4457800,89.29
2008-05-27,90.10,93.00,85.15,88.60,3092500,84.88
2008-05-26,92.50,95.00,88.80,89.60,2301100,85.84
2008-05-23,99.50,100.85,95.00,95.90,1980500,91.87
2008-05-22,100.00,101.60,99.00,99.40,2099100,95.23
2008-05-21,98.25,102.00,98.25,100.45,2084600,96.23
2008-05-20,99.10,102.00,98.00,100.70,2572400,96.47
2008-05-16,102.05,103.70,99.65,100.00,4019100,95.80
2008-05-15,98.00,102.60,94.30,102.40,8363100,98.10
2008-05-14,94.80,98.15,94.00,98.00,2668500,93.88
2008-05-13,98.50,98.95,94.05,94.90,1825900,90.91
2008-05-12,95.40,97.90,90.95,97.75,2883600,93.64
2008-05-09,101.00,102.90,94.60,94.90,3649000,90.91
2008-05-08,93.65,103.35,93.65,100.60,6594900,96.37
2008-05-07,95.10,102.10,95.10,102.00,6309700,97.72
2008-05-06,100.85,101.20,96.65,97.95,2073600,93.84
2008-05-05,100.70,102.75,98.75,100.05,2535700,95.85
2008-05-02,105.30,105.90,99.50,100.30,3335800,96.09
2008-04-30,108.50,109.80,102.00,103.70,4558600,99.34
2008-04-29,105.90,108.40,105.35,107.05,5014900,102.55
2008-04-28,105.00,107.00,102.70,104.90,3728500,100.49
2008-04-25,100.60,104.00,100.00,102.60,2765000,98.29
2008-04-24,104.90,105.00,97.50,99.95,3630300,95.75
2008-04-23,101.20,106.20,101.20,103.50,3851800,99.15
2008-04-22,104.70,106.45,100.05,100.85,3746900,96.61
2008-04-21,99.20,105.00,98.50,104.40,4702600,100.02
2008-04-17,98.00,99.85,97.00,98.50,3212100,94.36
2008-04-16,98.50,100.40,94.10,95.35,3992300,91.35
2008-04-15,91.00,98.00,89.65,97.00,4794100,92.93
2008-04-11,92.90,94.50,90.30,91.05,2723100,87.23
2008-04-10,94.30,95.20,91.00,91.00,4043200,87.18
2008-04-09,83.00,94.35,82.05,93.35,9859600,89.43
2008-04-08,81.35,83.90,81.35,83.00,1309300,79.51
2008-04-07,83.40,83.50,81.20,82.45,996700,78.99
2008-04-04,83.80,84.30,81.05,82.45,1526100,78.99
2008-04-03,82.00,84.40,80.65,84.00,2183800,80.47
2008-04-02,84.00,85.30,81.00,81.05,1240500,77.65
2008-04-01,81.00,83.60,80.00,82.00,1652600,78.56
2008-03-31,84.00,86.40,80.10,80.30,4260300,76.93
2008-03-28,83.00,85.90,82.95,84.70,2864600,81.14
2008-03-27,79.40,83.50,78.50,82.30,3504300,78.84
2008-03-26,79.00,84.50,77.05,81.15,4517300,77.74
2008-03-25,71.40,79.00,71.40,78.80,7917300,75.49
2008-03-24,77.00,79.80,69.30,72.10,3509100,69.07
2008-03-19,83.90,85.80,76.15,77.10,3970200,73.86
2008-03-18,80.20,83.90,77.30,78.50,4679600,75.20
2008-03-17,81.00,85.45,78.55,80.20,3730700,76.83
2008-03-14,86.00,88.20,84.10,86.50,4741400,82.87
2008-03-13,90.50,95.30,82.50,83.90,7695900,80.38
2008-03-12,99.80,109.90,91.55,92.00,8969400,88.14
2008-03-11,86.00,96.25,84.20,95.50,7313100,91.49
2008-03-10,83.00,87.70,76.10,85.80,7010800,82.20
2008-03-07,93.55,93.55,81.65,84.25,5785500,80.71
2008-03-05,98.00,98.00,90.55,95.90,4947200,91.87
2008-03-04,91.00,96.35,91.00,96.00,5828000,91.97
2008-03-03,93.00,95.90,89.00,91.45,5326600,87.61
2008-02-29,95.50,97.40,92.20,92.75,3340700,88.85
2008-02-28,93.30,96.40,91.50,95.50,5538100,91.49
2008-02-27,98.60,98.90,91.15,93.05,9190000,89.14
2008-02-26,90.05,97.00,90.05,95.10,4150700,91.11
2008-02-25,96.00,96.60,90.55,92.25,3612700,88.38
2008-02-22,97.90,98.50,94.60,94.85,4431800,90.87
2008-02-21,99.20,101.65,96.00,97.90,10419400,93.79
2008-02-20,94.50,99.10,92.80,97.05,7287300,92.97
2008-02-19,99.60,101.40,93.20,95.55,8134400,91.54
2008-02-18,93.00,99.20,90.75,97.30,10818200,93.21
2008-02-15,89.00,91.40,81.40,90.90,9682700,87.08
2008-02-14,78.00,87.00,78.00,84.70,5235700,81.14
2008-02-13,80.00,84.35,73.25,77.50,6841900,74.24
2008-02-12,85.60,89.50,78.75,79.25,7256100,75.92
2008-02-11,85.50,89.60,82.00,83.70,7979100,80.18
2008-02-08,86.20,89.40,82.60,84.00,5202200,80.47
2008-02-07,81.10,94.20,81.10,85.30,5484000,81.72
2008-02-06,88.00,92.40,84.10,90.00,7633200,86.22
2008-02-05,89.00,94.40,85.00,90.60,8467100,86.79
2008-02-04,79.00,89.80,79.00,88.15,10942100,84.45
2008-02-01,76.95,80.80,76.50,78.00,4089600,74.72
2008-01-31,79.00,85.60,74.35,76.40,8210300,73.19
2008-01-30,84.35,85.90,78.35,78.95,2250900,75.63
2008-01-29,89.20,91.00,82.40,83.55,4215400,80.04
2008-01-28,86.10,88.00,82.00,85.35,3866500,81.77
2008-01-25,76.00,96.30,75.00,92.00,7604500,88.14
2008-01-24,77.00,80.00,67.20,73.90,4142100,70.80
2008-01-23,79.00,79.00,66.00,73.50,5365700,70.41
2008-01-22,80.00,80.00,58.10,64.80,5124000,62.08
2008-01-21,98.50,99.75,73.55,84.50,7758000,80.95
2008-01-18,110.60,119.90,96.50,100.40,15640200,96.18
2008-01-17,106.90,121.90,104.10,114.25,12896200,109.45
2008-01-16,108.00,109.45,101.20,103.80,3918000,99.44
2008-01-15,112.85,114.70,107.00,107.45,3391800,102.94
2008-01-14,108.10,114.50,104.40,111.20,6758800,106.53
2008-01-11,117.10,117.60,106.40,108.60,8054200,104.04
2008-01-10,127.45,127.45,113.30,114.50,8843000,109.69
2008-01-09,121.00,127.80,119.50,125.75,8068800,120.47
2008-01-08,125.95,127.90,117.50,121.00,8876100,115.92
2008-01-07,111.60,125.70,111.60,122.90,9465600,117.74
2008-01-04,113.55,118.65,113.55,115.90,4547800,111.03
2008-01-03,115.80,119.00,110.15,113.50,1983500,108.73
2008-01-02,116.50,118.40,113.00,115.40,3174000,110.55
2008-01-01,115.00,117.50,112.00,115.70,4683200,110.84
2007-12-31,118.00,118.00,112.05,112.50,3455300,107.77
2007-12-28,115.00,119.90,111.20,116.20,3976300,111.32
2007-12-27,116.50,119.35,115.50,116.70,7745100,111.80
2007-12-26,110.55,115.90,109.00,113.55,6635000,108.78
2007-12-24,105.00,111.40,102.05,110.00,4518200,105.38
2007-12-20,116.50,116.50,104.50,104.80,6517400,100.40
2007-12-19,102.00,117.00,102.00,112.75,29823800,108.01
2007-12-18,103.60,106.25,100.20,100.80,5114000,96.57
2007-12-17,110.30,111.75,100.15,103.45,10557000,99.11
2007-12-14,107.10,114.10,106.10,109.75,12543300,105.14
2007-12-13,112.90,113.40,105.90,107.15,6596100,102.65
2007-12-12,105.50,112.45,103.15,112.15,11062700,107.44
2007-12-11,104.25,107.85,104.10,106.30,8533300,101.84
2007-12-10,107.00,108.00,100.25,103.20,12319300,98.87
2007-12-07,100.00,108.25,100.00,106.90,15883800,102.41
2007-12-06,102.00,105.20,97.80,99.25,4292000,95.08
2007-12-05,102.80,103.50,98.25,101.00,4354400,96.76
2007-12-04,102.50,105.20,98.50,100.95,3010000,96.71
2007-12-03,104.95,104.95,99.00,101.65,4759100,97.38
2007-11-30,93.00,102.00,92.00,101.20,7634900,96.95
2007-11-29,94.00,97.00,90.80,92.00,5552700,88.14
2007-11-28,98.00,99.15,90.00,93.30,3743400,89.38
2007-11-27,91.90,97.60,90.10,96.75,6122300,92.69
2007-11-26,91.40,93.00,89.80,90.55,1544300,86.75
2007-11-23,91.20,92.10,88.25,89.40,2327500,85.65
2007-11-22,89.00,91.90,86.00,89.55,3324700,85.79
2007-11-21,98.60,98.60,85.10,89.15,4861000,85.41
2007-11-20,95.00,100.90,92.70,97.60,10627900,93.50
2007-11-19,86.00,97.50,86.00,96.50,10438400,92.45
2007-11-16,87.00,90.40,83.10,85.25,6499200,81.67
2007-11-15,93.00,99.65,80.10,85.10,21076900,81.53
2007-11-14,95.00,99.00,92.30,95.15,7862100,91.15
2007-11-13,95.45,98.50,93.20,93.75,7349300,89.81
2007-11-12,86.50,95.00,84.00,94.45,10440600,90.48
2007-11-09,88.90,89.40,87.10,87.30,788100,83.63
2007-11-08,88.00,90.80,85.00,87.60,6679600,83.92
2007-11-07,80.05,89.90,80.05,88.85,12159400,85.12
2007-11-06,80.80,83.80,78.60,79.95,4122900,76.59
2007-11-05,81.10,82.50,78.05,79.50,2705000,76.16
2007-11-02,75.00,82.40,74.50,81.00,6913600,77.60
2007-11-01,82.50,83.30,75.40,77.45,3724900,74.20
2007-10-31,80.80,82.50,77.80,80.45,6502600,77.07
2007-10-30,90.00,92.50,79.70,80.80,15703700,77.41
2007-10-29,82.00,89.70,82.00,88.50,8163600,84.78
2007-10-26,81.30,84.25,79.30,80.30,3402000,76.93
2007-10-25,80.00,84.30,76.05,82.50,9239700,79.03
2007-10-24,78.00,80.50,76.20,79.15,7072600,75.83
2007-10-23,74.90,77.25,73.80,76.80,3770200,73.57
2007-10-22,69.00,75.70,68.55,73.70,3187700,70.60
2007-10-19,75.00,78.90,70.70,73.80,6243700,70.70
2007-10-18,73.05,82.25,73.05,74.90,13766200,71.75
2007-10-17,70.50,73.60,60.00,72.15,4678000,69.12
2007-10-16,72.50,76.75,72.50,74.40,5800300,71.28
2007-10-15,70.00,73.05,70.00,72.60,2482400,69.55
2007-10-12,70.35,73.40,69.50,70.00,3992600,67.06
2007-10-11,76.10,76.10,70.75,72.25,4845300,69.22
2007-10-10,73.40,85.80,73.40,75.10,13829600,71.95
2007-10-09,66.50,72.55,64.50,70.60,4721400,67.63
2007-10-08,72.90,73.00,65.05,67.65,4453300,64.81
2007-10-05,76.50,76.85,71.75,71.90,2939600,68.88
2007-10-04,76.35,78.45,75.20,76.10,3809500,72.90
2007-10-03,79.85,80.90,70.50,76.00,4694300,72.81
2007-10-01,75.50,81.25,74.05,78.50,7517000,75.20
2007-09-28,75.00,78.65,72.60,75.50,6819700,72.33
2007-09-27,80.70,80.70,73.05,75.05,6425700,71.90
2007-09-26,81.00,85.00,77.40,78.00,10160000,74.72
2007-09-25,79.00,81.45,76.30,80.45,9491600,77.07
2007-09-24,80.00,81.25,77.25,78.00,6113500,74.72
2007-09-21,82.00,83.80,77.20,78.90,15212200,75.59
2007-09-20,84.90,87.50,80.00,80.05,23796700,76.69
2007-09-19,68.00,85.50,68.00,83.50,28014500,79.99
2007-09-18,67.50,69.50,67.05,67.30,4345000,64.47
2007-09-17,64.40,67.75,63.25,67.40,4239900,64.57
2007-09-14,65.95,66.40,63.55,64.00,1544200,61.31
2007-09-13,66.40,66.55,64.85,65.00,1731500,62.27
2007-09-12,62.60,66.90,62.60,65.30,6397400,62.56
2007-09-11,64.25,64.70,62.55,63.15,1319200,60.50
2007-09-10,61.00,64.95,61.00,63.65,1511000,60.98
2007-09-07,64.50,66.80,63.25,63.75,6127600,61.07
2007-09-06,60.50,64.45,60.50,64.00,2354900,61.31
2007-09-05,60.50,63.15,59.55,61.10,3458000,58.53
2007-09-04,60.15,60.60,59.50,59.60,807300,57.10
2007-09-03,60.00,60.90,59.05,60.00,1076600,57.48
2007-08-31,61.95,62.30,58.75,59.30,2674800,56.81
2007-08-30,61.70,63.75,60.85,60.90,5298600,58.34
2007-08-29,55.05,60.90,54.00,60.65,3281000,58.10
2007-08-28,54.20,55.70,53.05,55.20,1321200,52.88
2007-08-27,53.00,54.00,52.50,53.60,797100,51.35
2007-08-24,52.00,52.60,51.00,52.40,1143500,50.20
2007-08-23,53.00,54.30,51.20,51.60,2342700,49.43
2007-08-22,53.35,53.95,49.80,51.65,1640900,49.48
2007-08-21,56.00,57.75,53.00,53.30,1228500,51.06
2007-08-20,58.00,60.00,55.00,55.50,1799600,53.17
2007-08-17,58.60,59.90,52.35,56.45,2307100,54.08
2007-08-16,60.00,61.10,59.10,59.10,2001700,56.62
2007-08-14,62.00,63.40,60.10,62.10,1441600,59.49
2007-08-13,61.10,62.40,60.50,60.85,681200,58.29
2007-08-10,61.00,61.45,59.00,60.90,596000,58.34
2007-08-09,63.30,63.75,62.00,62.25,1064600,59.64
2007-08-08,63.90,63.90,62.45,62.85,1755600,60.21
2007-08-07,62.70,64.00,61.75,61.95,894300,59.35
2007-08-06,63.30,65.00,61.00,62.65,1359300,60.02
2007-08-03,64.95,66.40,64.50,64.75,1199600,62.03
2007-08-02,66.45,66.90,64.10,64.55,651200,61.84
2007-08-01,67.50,67.70,66.00,66.65,1070700,63.85
2007-07-31,68.10,69.45,67.30,68.20,1112400,65.34
2007-07-30,69.35,70.00,67.25,68.00,2578600,65.14
2007-07-27,68.50,72.15,67.00,69.20,5996000,66.29
2007-07-26,68.00,71.00,65.50,68.05,3960600,65.19
2007-07-25,66.50,67.50,64.75,67.00,2055300,64.19
2007-07-24,70.00,73.00,66.60,67.75,2181300,64.90
2007-07-23,70.40,70.65,69.20,69.85,837100,66.92
2007-07-20,72.20,72.50,70.15,70.45,1471600,67.49
2007-07-19,73.10,73.30,71.20,71.70,1824800,68.69
2007-07-18,72.25,74.40,70.55,72.75,3778700,69.69
2007-07-17,75.25,75.70,70.70,71.40,3578500,68.40
2007-07-16,75.50,76.20,74.60,75.15,2358900,71.99
2007-07-13,76.00,76.45,74.75,75.85,3703200,72.66
2007-07-12,75.20,76.50,75.00,75.40,2241300,72.23
2007-07-11,74.80,75.75,73.50,74.40,1665400,71.28
2007-07-10,75.00,79.50,67.40,74.70,3538100,71.56
2007-07-09,76.00,76.45,74.15,74.55,1886400,71.42
2007-07-06,73.45,76.35,73.45,75.30,3851400,72.14
2007-07-05,76.90,81.55,65.00,73.60,2194000,70.51
2007-07-04,74.75,77.25,73.15,75.80,5811800,72.62
2007-07-03,75.50,76.35,73.80,74.05,2881000,70.94
2007-07-02,77.90,78.05,74.20,74.90,6975400,71.75
2007-06-29,68.00,76.90,67.75,76.35,13229000,73.14
2007-06-28,66.60,67.95,66.50,67.50,2801000,64.66
2007-06-27,67.00,67.00,65.55,66.00,944500,63.23
2007-06-26,66.90,67.45,66.25,66.65,977400,63.85
2007-06-25,68.40,68.40,65.80,66.55,1570900,63.75
2007-06-22,70.40,82.00,67.50,67.65,2942500,64.81
2007-06-21,68.25,70.80,68.00,69.65,3237100,66.72
2007-06-20,68.30,69.30,67.20,68.25,1876600,65.38
2007-06-19,68.00,69.70,66.90,67.55,1141900,64.71
2007-06-18,71.00,71.30,68.50,68.90,1358200,66.01
2007-06-15,70.10,71.90,70.10,70.50,904300,67.54
2007-06-14,71.00,72.00,70.55,70.80,1673800,67.83
2007-06-13,71.75,71.90,70.25,70.95,4170000,67.97
2007-06-12,67.35,73.00,67.35,71.90,8416100,68.88
2007-06-11,76.95,76.95,70.10,70.60,5281300,67.63
2007-06-08,74.00,76.10,72.00,74.75,5617000,71.61
2007-06-07,73.00,74.00,72.30,72.80,1127100,69.74
2007-06-06,75.00,75.70,72.90,73.20,1717600,70.13
2007-06-05,74.30,75.55,72.20,74.25,3110000,71.13
2007-06-04,77.85,77.85,73.60,74.35,3798200,71.23
2007-05-31,74.45,77.20,71.00,74.35,5004900,71.23
2007-05-30,75.20,75.95,70.10,70.55,2496200,67.59
2007-05-29,76.25,76.55,75.00,75.20,1020900,72.04
2007-05-28,76.30,77.80,74.75,75.15,1532200,71.99
2007-05-25,73.55,77.00,73.55,75.50,1545100,72.33
2007-05-24,75.25,77.90,75.25,76.40,2946800,73.19
2007-05-23,79.00,79.80,76.00,76.45,3731900,73.24
2007-05-22,87.40,87.40,78.15,79.20,8754100,75.87
2007-05-21,73.50,77.55,73.30,77.00,7594800,73.77
2007-05-18,70.75,73.50,70.30,72.90,3731900,69.84
2007-05-17,71.75,73.20,70.30,70.75,3424700,67.78
2007-05-16,71.50,72.90,69.10,71.65,3803200,68.64
2007-05-15,75.00,75.00,70.25,70.60,3840000,67.63
2007-05-14,70.00,75.00,70.00,74.40,8638500,71.28
2007-05-11,62.45,70.70,60.60,68.90,4756000,66.01
2007-05-10,63.55,64.25,62.25,62.45,985100,59.83
2007-05-09,62.50,63.65,61.05,63.25,1480500,60.59
2007-05-08,65.70,66.10,62.50,63.10,1935100,60.45
2007-05-07,65.90,67.50,64.00,65.45,1896100,62.70
2007-05-04,63.90,66.65,63.90,65.90,2652600,63.13
2007-05-03,62.00,64.55,62.00,63.65,2048500,60.98
2007-04-30,64.15,64.15,61.20,61.65,1842400,59.06
2007-04-27,62.80,64.25,62.50,63.85,1119900,61.17
2007-04-26,64.50,64.85,62.80,63.25,2017800,60.59
2007-04-25,65.20,65.40,63.25,63.65,739100,60.98
2007-04-24,62.90,65.25,62.10,64.45,1839400,61.74
2007-04-23,65.55,65.95,62.55,62.90,1075600,60.26
2007-04-20,63.65,66.70,63.55,64.80,2074200,62.08
2007-04-19,65.50,65.75,63.20,63.65,1970000,60.98
2007-04-18,66.50,67.50,64.90,66.20,1762600,63.42
2007-04-17,68.90,68.90,65.45,66.50,2821400,63.71
2007-04-16,68.75,70.00,65.55,66.45,3473400,63.66
2007-04-13,72.55,72.90,67.65,68.30,2055400,65.43
2007-04-12,73.50,73.90,71.90,72.55,1542500,69.50
2007-04-11,73.90,74.25,72.80,73.50,1827600,70.41
2007-04-10,75.00,75.05,72.70,73.05,2328100,69.98
2007-04-09,74.00,75.65,73.55,74.75,4858900,71.61
2007-04-05,69.85,74.95,69.15,73.70,12440900,70.60
2007-04-04,70.50,71.80,69.00,69.65,5292700,66.72
2007-04-03,67.85,69.50,66.40,68.90,6457500,66.01
2007-04-02,65.00,68.20,64.00,67.25,7340200,64.43
2007-03-30,65.00,66.40,63.35,65.80,6943900,63.04
2007-03-29,66.00,68.20,62.80,64.70,9629600,61.98
2007-03-28,65.10,66.70,64.80,65.95,5787600,63.18
2007-03-26,62.55,65.20,62.50,64.25,5296100,61.55
2007-03-23,62.00,62.60,61.00,62.10,2256900,59.49
2007-03-22,60.50,61.90,60.25,61.20,1846700,58.63
2007-03-21,60.00,60.15,58.80,59.80,910800,57.29
2007-03-20,59.85,61.30,59.25,59.60,1483500,57.10
2007-03-19,62.50,62.50,59.00,59.15,693800,56.67
2007-03-16,60.00,61.35,52.50,59.20,1006600,56.71
2007-03-15,60.55,61.35,60.25,60.85,1543100,58.29
2007-03-14,61.05,61.05,58.20,59.65,1180300,57.14
2007-03-13,62.70,63.50,61.80,62.05,2939400,59.44
2007-03-12,60.00,62.35,59.80,61.85,3287100,59.25
2007-03-09,61.20,61.20,58.50,59.45,1240100,56.95
2007-03-08,60.00,60.30,58.10,59.45,1367400,56.95
2007-03-07,61.45,64.10,58.55,59.40,3654700,56.91
2007-03-06,58.95,60.50,57.85,59.45,2208700,56.95
2007-03-05,60.70,61.85,54.65,58.10,2607900,55.66
2007-03-02,60.90,65.70,60.40,62.05,8392300,59.44
2007-03-01,58.60,61.65,57.30,60.40,4313400,57.86
2007-02-28,55.25,60.20,50.00,59.15,9041900,56.67
2007-02-27,58.00,59.15,57.75,58.70,3612100,56.23
2007-02-26,56.65,59.40,55.60,57.75,4865800,55.32
2007-02-23,57.10,57.30,55.60,56.40,3460200,54.03
2007-02-22,59.00,59.45,56.55,56.85,7980100,54.46
2007-02-21,59.40,60.40,58.55,58.75,5539600,56.28
2007-02-20,61.65,63.15,58.30,58.65,10872700,56.19
2007-02-19,64.70,66.50,60.90,61.70,9271800,59.11
2007-02-15,59.15,64.80,59.15,64.00,7088700,61.31
2007-02-14,59.75,60.25,57.20,59.10,2802700,56.62
2007-02-13,61.70,63.00,58.85,59.75,2717500,57.24
2007-02-12,60.00,63.90,58.10,61.00,6122900,58.44
2007-02-09,64.20,65.00,61.00,61.20,2711600,58.63
2007-02-08,66.60,67.00,64.00,64.20,2560500,61.50
2007-02-07,67.80,68.40,66.20,66.55,1367100,63.75
2007-02-06,67.00,69.50,66.10,67.35,2507700,64.52
2007-02-05,67.90,68.40,65.60,66.55,2417300,63.75
2007-02-02,66.80,68.40,65.60,67.45,3280000,64.62
2007-02-01,67.50,68.15,65.00,66.80,3430700,63.99
2007-01-31,72.25,72.25,67.00,67.40,3741200,64.57
2007-01-29,76.05,76.40,72.00,72.25,2879200,69.22
2007-01-25,77.00,77.85,74.05,75.60,3772000,72.42
2007-01-24,76.85,78.80,75.65,76.85,2983600,73.62
2007-01-23,79.00,79.00,75.50,75.70,3385500,72.52
2007-01-22,81.00,81.30,78.50,78.75,2110300,75.44
2007-01-19,81.10,81.75,80.15,80.40,949500,77.02
2007-01-18,83.40,83.40,80.60,81.10,1115200,77.69
2007-01-17,81.15,83.85,80.15,82.40,4350900,78.94
2007-01-16,81.10,81.65,78.90,80.70,2175200,77.31
2007-01-15,85.00,86.35,80.70,80.95,3525100,77.55
2007-01-12,85.00,92.00,84.10,84.65,8065800,81.09
2007-01-11,82.00,82.95,80.00,81.05,2041800,77.65
2007-01-10,79.15,80.80,78.10,78.90,2266300,75.59
2007-01-09,81.50,81.75,78.50,79.15,2065000,75.83
2007-01-08,82.00,83.00,80.35,80.80,1757800,77.41
2007-01-05,83.70,84.50,80.85,81.40,3143700,77.98
2007-01-04,83.90,85.50,82.55,83.20,2828800,79.71
2007-01-03,83.70,84.20,83.10,83.45,1033400,79.95
2007-01-02,85.30,85.30,82.95,83.25,1892400,79.75
2006-12-29,85.10,86.40,84.05,84.35,1899200,80.81
2006-12-28,83.80,85.80,82.50,84.75,3168200,81.19
2006-12-27,83.90,84.80,82.55,83.00,1093100,79.51
2006-12-26,83.20,85.40,82.45,83.40,1791500,79.90
2006-12-22,83.30,83.85,82.50,82.90,1034000,79.42
2006-12-21,85.45,85.45,82.80,83.75,1138700,80.23
2006-12-20,86.40,89.40,84.60,84.85,2361800,81.29
2006-12-19,87.70,93.90,85.00,85.65,5530900,82.05
2006-12-18,83.90,84.20,82.20,82.40,1652000,78.94
2006-12-15,84.50,85.35,83.25,83.60,3600600,80.09
2006-12-14,83.00,85.50,82.60,83.80,2353500,80.28
2006-12-13,81.25,84.55,76.30,82.75,3933200,79.27
2006-12-12,84.90,86.20,79.80,80.75,2034700,77.36
2006-12-11,90.00,90.00,84.50,85.25,1681600,81.67
2006-12-08,88.30,91.90,86.50,90.00,4012200,86.22
2006-12-07,90.60,90.90,87.80,88.10,1516100,84.40
2006-12-06,92.75,93.00,89.70,90.00,4339100,86.22
2006-12-05,90.40,93.90,89.70,91.60,8969600,87.75
2006-12-04,82.00,94.35,81.20,89.10,11678300,85.36
2006-12-01,83.25,83.25,81.20,81.55,1672000,78.12
2006-11-30,83.60,83.75,82.05,82.55,1459900,79.08
2006-11-29,84.25,86.90,82.50,82.85,3103300,79.37
2006-11-28,85.00,86.00,84.00,84.25,1721400,80.71
2006-11-27,88.25,88.50,86.00,86.20,1685900,82.58
2006-11-24,89.40,89.40,87.50,87.65,1691700,83.97
2006-11-23,89.55,90.50,88.10,89.15,3072500,85.41
2006-11-22,90.50,90.75,88.65,88.85,2992900,85.12
2006-11-21,90.50,94.00,89.00,89.80,4270200,86.03
2006-11-20,91.10,95.55,85.50,89.05,8796500,85.31
2006-11-17,94.90,95.90,90.50,91.00,4035700,87.18
2006-11-16,98.00,98.90,95.50,96.10,2122100,92.06
2006-11-15,98.00,99.20,96.10,97.05,2314600,92.97
2006-11-14,99.95,100.25,96.25,97.40,1769000,93.31
2006-11-13,98.00,99.80,97.05,98.75,1967500,94.60
2006-11-10,100.90,101.10,97.00,97.40,3157400,93.31
2006-11-09,100.65,106.50,99.00,100.40,6667400,96.18
2006-11-08,100.50,101.75,96.00,99.00,4652900,94.84
2006-11-07,103.00,103.45,99.80,100.15,2052600,95.94
2006-11-06,102.85,103.85,102.05,102.35,999300,98.05
2006-11-03,104.00,104.15,102.25,102.80,1143100,98.48
2006-11-02,104.70,105.40,103.25,103.60,1687400,99.25
2006-11-01,104.00,107.00,103.50,104.50,4302900,100.11
2006-10-31,111.00,111.60,102.25,103.20,3821700,98.87
2006-10-30,111.45,112.70,110.10,110.60,1654500,105.95
2006-10-27,112.70,115.45,111.50,111.80,3776900,107.10
2006-10-26,113.70,115.00,111.50,112.00,3622800,107.30
2006-10-23,109.00,115.00,107.75,114.20,7583300,109.40
2006-10-20,112.00,113.30,108.60,109.55,5456300,104.95
2006-10-19,111.00,113.75,108.40,110.95,9946700,106.29
2006-10-18,99.95,110.80,99.95,109.20,14755200,104.61
2006-10-17,99.25,102.20,98.60,100.45,2765500,96.23
2006-10-16,102.00,102.35,99.05,99.25,1673000,95.08
2006-10-13,100.00,101.70,99.55,101.10,3046300,96.85
2006-10-12,99.90,100.40,99.00,99.25,1334100,95.08
2006-10-11,101.70,102.45,99.10,99.65,2176000,95.46
2006-10-10,100.75,101.80,100.05,100.50,2778000,96.28
2006-10-09,99.40,101.80,98.05,99.85,2232400,95.66
2006-10-06,101.30,101.35,99.60,99.90,1532200,95.70
2006-10-05,101.70,102.90,100.15,100.45,3560000,96.23
2006-10-04,100.65,102.75,99.25,100.85,6994300,96.61
2006-10-03,101.50,101.80,98.20,100.30,4571300,96.09
2006-09-29,102.30,104.60,100.55,101.40,9543500,97.14
2006-09-28,93.10,102.00,92.10,101.05,12062300,96.81
2006-09-27,93.80,94.15,92.15,92.50,1284300,88.61
2006-09-26,93.00,94.45,92.25,92.95,2599600,89.05
2006-09-25,96.10,96.50,92.00,92.25,3040600,88.38
2006-09-22,96.25,97.80,95.60,95.85,1835700,91.82
2006-09-21,97.40,98.25,95.80,96.15,1967600,92.11
2006-09-20,96.40,97.30,95.50,96.80,1633600,92.73
2006-09-19,98.30,99.75,96.50,97.00,3105700,92.93
2006-09-18,98.30,99.35,97.70,97.95,1904700,93.84
2006-09-15,98.00,98.50,96.90,97.40,1910900,93.31
2006-09-14,99.00,100.40,97.05,97.30,3365900,93.21
2006-09-13,97.85,101.30,97.40,98.65,5311800,94.51
2006-09-12,97.00,97.85,95.00,96.60,1909000,92.54
2006-09-11,99.60,101.85,95.75,96.80,3806800,92.73
2006-09-08,97.75,99.85,97.75,98.85,4295900,94.70
2006-09-07,97.25,98.80,96.50,97.55,3911400,93.45
2006-09-06,98.50,100.60,97.00,98.00,6144800,93.88
2006-09-05,102.60,103.25,98.05,98.50,5911000,94.36
2006-09-04,97.00,102.35,95.75,101.85,8880800,97.57
2006-09-01,90.00,96.00,89.00,95.40,7534800,91.39
2006-08-31,92.60,93.75,89.00,89.35,5651500,85.60
2006-08-30,95.90,95.90,92.45,92.80,4560100,88.90
2006-08-29,98.80,99.50,94.85,95.60,4968200,91.58
2006-08-28,99.45,100.40,97.50,97.90,2724600,93.79
2006-08-25,100.20,101.65,98.60,99.05,3943000,94.89
2006-08-24,101.00,101.00,99.20,99.65,3061800,95.46
2006-08-23,101.50,103.35,99.85,100.85,4359500,96.61
2006-08-22,101.50,103.80,101.00,101.70,4682400,97.43
2006-08-21,104.00,104.00,100.25,100.65,6025800,96.42
2006-08-18,101.00,105.00,99.10,101.75,12794900,97.48
2006-08-17,100.50,102.30,97.60,100.60,7661100,96.37
2006-08-16,107.50,108.70,99.65,100.15,9619700,95.94
2006-08-14,112.00,113.85,106.10,106.65,8279100,102.17
2006-08-11,115.00,118.45,110.35,111.30,6611400,106.63
2006-08-10,117.00,122.40,114.20,114.95,13386300,110.12
2006-08-09,106.00,122.40,105.00,116.30,17349000,111.42
2006-08-08,100.90,106.70,100.70,105.90,6912700,101.45
2006-08-07,99.00,102.20,98.10,100.35,3535100,96.14
2006-08-04,99.00,102.40,97.50,99.40,10188300,95.23
2006-08-02,90.10,90.90,88.55,90.10,1076900,86.32
2006-08-01,93.90,94.00,88.55,89.90,2738800,86.12
2006-07-31,93.80,95.45,92.80,93.35,2773600,89.43
2006-07-28,95.00,95.00,89.55,92.05,4358000,88.18
2006-07-27,90.90,93.45,87.80,89.00,2262700,85.26
2006-07-26,89.00,92.00,87.25,89.95,1144400,86.17
2006-07-25,92.20,93.45,87.60,88.45,1859900,84.74
2006-07-24,96.00,96.50,88.15,89.35,1690500,85.60
2006-07-21,100.00,100.00,96.60,97.50,907800,93.40
2006-07-20,100.00,105.00,97.35,100.15,2366900,95.94
2006-07-19,105.70,106.90,96.60,97.35,1159900,93.26
2006-07-18,108.60,110.90,103.50,103.95,601300,99.58
2006-07-17,111.40,114.15,106.00,107.20,1050300,102.70
2006-07-14,105.50,114.40,105.50,111.05,665500,106.39
2006-07-13,116.00,118.65,111.50,112.15,985400,107.44
2006-07-12,116.00,116.85,108.00,115.25,747700,110.41
2006-07-11,111.40,120.90,108.65,117.45,2049600,112.52
2006-07-10,110.05,112.70,105.35,110.30,336300,105.67
2006-07-07,116.95,117.65,109.25,110.40,1017200,105.76
2006-07-06,116.00,116.40,113.00,115.25,802800,110.41
2006-07-05,118.90,120.45,113.35,114.80,789600,109.98
2006-07-04,120.65,121.10,118.00,119.90,358400,114.86
2006-07-03,119.90,122.50,118.05,119.40,381300,114.39
2006-06-30,119.00,120.50,117.00,119.80,587000,114.77
2006-06-29,118.00,119.80,113.00,114.20,403900,109.40
2006-06-28,112.00,117.20,109.00,115.70,568200,110.84
2006-06-27,115.00,117.75,110.55,113.40,655100,108.64
2006-06-26,123.40,125.40,112.45,114.15,1113500,109.36
2006-06-23,124.80,124.80,117.00,122.40,750100,117.26
2006-06-22,123.00,130.70,123.00,126.10,2695200,120.80
2006-06-21,116.30,121.50,115.00,120.20,1068700,115.15
2006-06-20,113.60,121.80,111.65,116.45,1431200,111.56
2006-06-19,110.00,117.00,107.60,115.40,1477600,110.55
2006-06-14,104.30,124.00,95.35,96.85,800400,92.78
2006-06-13,110.20,113.10,101.50,104.30,527000,99.92
2006-06-12,117.50,122.00,110.50,115.20,272800,110.36
2006-06-09,105.00,120.00,105.00,118.70,673400,113.71
2006-06-08,110.00,116.20,89.50,107.50,1008800,102.98
2006-06-07,118.00,122.00,107.00,109.20,528800,104.61
2006-06-06,120.20,124.80,115.00,121.55,523600,116.44
2006-06-05,126.50,128.00,120.00,120.60,655100,115.53
2006-06-02,126.55,129.00,115.00,122.80,697000,117.64
2006-06-01,139.00,139.00,125.00,126.50,414500,121.19
2006-05-30,134.40,135.00,128.10,131.95,406400,126.41
2006-05-29,139.00,141.80,131.50,132.55,441400,126.98
2006-05-26,139.90,144.50,136.20,137.55,334400,131.77
2006-05-25,142.35,142.35,133.05,134.60,310100,128.95
2006-05-24,146.00,151.00,140.00,142.35,511700,136.37
2006-05-23,143.00,145.00,129.00,143.80,472300,137.76
2006-05-22,151.30,151.30,118.00,138.65,693800,132.83
2006-05-19,165.15,168.00,135.10,146.90,800900,140.73
2006-05-18,172.95,173.00,152.25,158.80,631200,152.13
2006-05-17,170.00,178.00,170.00,174.95,534400,167.60
2006-05-16,177.75,177.75,150.00,166.35,1218100,159.36
2006-05-15,189.80,189.80,173.30,175.20,883700,167.84
2006-05-12,191.00,194.50,185.20,189.65,445100,181.68
2006-05-11,200.00,200.00,190.25,192.05,895100,183.98
2006-05-10,192.80,199.65,192.00,196.15,1328200,187.91
2006-05-09,188.75,192.90,185.10,190.90,593200,182.88
2006-05-08,188.50,191.00,185.30,187.35,340800,179.48
2006-05-05,165.55,191.55,165.55,185.75,443600,177.95
2006-05-04,194.30,195.40,184.10,185.60,562100,177.80
2006-05-03,197.40,197.80,192.00,193.45,255700,185.33
2006-05-02,199.80,199.80,190.90,195.60,341700,187.38
2006-04-27,193.80,197.00,191.05,193.15,489800,185.04
2006-04-26,188.40,193.30,188.00,192.35,341200,184.27
2006-04-25,193.80,197.00,185.20,187.40,443400,179.53
2006-04-24,196.80,198.50,193.05,193.75,482700,185.61
2006-04-21,199.80,201.65,191.00,195.80,1367400,187.58
2006-04-20,197.40,202.60,194.65,198.45,1809800,190.12
2006-04-19,182.40,196.25,180.00,193.65,1715700,185.52
2006-04-18,182.00,185.00,178.60,179.85,937900,172.30
2006-04-17,180.50,185.00,176.60,179.80,506300,172.25
2006-04-13,181.00,182.70,164.00,180.10,1090100,172.54
2006-04-10,182.50,191.00,179.80,186.00,817700,178.19
2006-04-07,191.80,193.00,175.00,181.05,718400,173.45
2006-04-05,192.45,194.00,189.00,190.00,493300,182.02
2006-04-04,193.30,194.60,186.10,191.25,652200,183.22
2006-04-03,188.00,194.70,188.00,192.50,809700,184.41
2006-03-31,189.45,189.90,183.20,187.75,748700,179.86
2006-03-30,184.30,188.50,184.25,187.55,1488700,179.67
2006-03-28,169.25,172.80,168.25,170.65,1073400,163.48
2006-03-27,167.50,169.90,167.50,168.80,428300,161.71
2006-03-24,167.40,168.50,163.10,167.00,610600,159.99
2006-03-23,168.00,168.50,164.50,167.40,707800,160.37
2006-03-22,168.00,172.40,166.05,167.10,1619200,160.08
2006-03-21,164.95,169.30,164.30,167.55,1304300,160.51
2006-03-20,161.00,166.80,161.00,164.40,886800,157.50
2006-03-17,163.60,163.60,160.10,161.50,454000,154.72
2006-03-16,163.10,163.50,160.90,162.65,689000,155.82
2006-03-14,164.70,166.85,160.10,161.90,1050700,155.10
2006-03-13,159.85,165.40,159.40,163.65,1498000,156.78
2006-03-10,159.80,165.15,157.55,158.55,1266800,151.89
2006-03-09,162.90,163.70,155.70,158.85,2372800,152.18
2006-03-08,175.00,176.10,161.65,162.60,1527800,155.77
2006-03-07,165.90,174.95,164.80,174.25,2469000,166.93
2006-03-06,155.70,165.75,153.70,164.15,1821600,157.26
2006-03-03,155.00,155.05,152.95,154.15,906000,147.68
2006-03-02,154.50,156.35,151.25,154.70,663200,148.20
2006-03-01,152.20,156.00,151.50,155.40,868100,148.87
2006-02-28,152.90,153.90,149.30,152.60,869900,146.19
2006-02-27,154.80,156.35,150.85,151.55,1025500,145.18
2006-02-24,153.75,155.90,151.35,154.30,1331700,147.82
2006-02-23,145.35,154.50,145.35,152.20,1330600,145.81
2006-02-22,153.20,153.20,148.05,149.30,795900,143.03
2006-02-20,152.80,152.80,146.20,151.50,934700,145.14
2006-02-17,153.60,154.00,150.35,151.90,1041200,145.52
2006-02-16,152.30,155.40,150.05,153.60,1130500,147.15
2006-02-15,153.95,155.90,149.00,150.50,910800,144.18
2006-02-14,154.25,158.80,153.00,153.75,1588700,147.29
2006-02-13,155.00,155.40,151.55,154.55,990100,148.06
2006-02-10,152.00,156.50,148.25,154.55,2397500,148.06
2006-02-08,158.00,158.50,152.00,155.50,1806500,148.97
2006-02-07,150.10,158.30,148.50,157.45,3117800,150.84
2006-02-06,147.85,150.40,144.00,149.50,2376600,143.22
2006-02-03,142.80,148.25,141.90,146.95,3225800,140.78
2006-02-02,147.85,147.85,140.35,141.90,2472700,135.94
2006-02-01,150.00,150.25,140.05,146.40,2973200,140.25
2006-01-31,147.50,152.40,147.00,150.50,2173600,144.18
2006-01-30,151.00,151.00,145.20,146.35,1971700,140.20
2006-01-27,150.50,151.90,145.00,149.40,3818800,143.13
2006-01-25,158.80,160.85,145.10,148.35,4388500,142.12
2006-01-24,150.75,158.90,150.70,157.00,4522600,150.41
2006-01-23,146.40,151.85,137.40,150.00,3020600,143.70
2006-01-19,139.25,150.00,138.70,144.60,5965700,138.53
2006-01-18,136.80,141.00,134.00,138.60,3104300,132.78
2006-01-16,132.40,134.90,131.35,133.65,1582200,128.04
2006-01-13,130.80,135.00,130.00,130.95,2456200,125.45
2006-01-12,127.00,132.90,123.00,129.50,3053700,124.06
2006-01-10,123.00,131.30,119.15,127.25,4778100,121.91
2006-01-09,122.00,126.00,120.65,122.35,3302400,117.21
2006-01-06,119.25,123.30,119.00,121.45,1633600,116.35
2006-01-05,120.90,121.00,115.60,118.05,1062600,113.09
2006-01-04,124.00,125.35,118.20,119.45,1505100,114.43
2006-01-03,119.35,123.75,119.35,123.00,1878400,117.83
2006-01-02,118.80,120.65,116.55,119.35,2279500,114.34
2005-12-30,111.00,117.30,110.00,116.45,3330200,111.56
2005-12-29,111.00,111.95,109.50,110.80,834700,106.15
2005-12-28,111.00,112.25,108.55,110.85,1261900,106.19
2005-12-27,105.00,110.80,104.50,110.45,1590100,105.81
2005-12-26,110.00,110.00,104.05,106.25,1723100,101.79
2005-12-23,110.65,113.40,108.00,109.15,2986900,104.57
2005-12-22,113.10,114.50,108.75,109.85,3532800,105.24
2005-12-21,110.85,113.80,107.10,112.65,2547700,107.92
2005-12-20,114.90,116.75,109.60,109.95,4871200,105.33
2005-12-19,107.00,114.90,106.50,113.50,4140000,108.73
2005-12-16,106.90,109.40,105.75,106.15,2121800,101.69
2005-12-15,105.30,107.70,104.20,105.95,2956000,101.50
2005-12-14,106.00,107.40,100.50,105.10,6698400,100.69
2005-12-13,97.95,105.90,97.00,105.10,8025800,100.69
2005-12-12,93.75,98.40,92.20,97.55,3182900,93.45
2005-12-09,92.10,93.90,92.10,93.45,1109300,89.53
2005-12-08,92.45,93.00,91.10,92.15,1397000,88.28
2005-12-07,90.00,92.30,88.55,91.95,1671800,88.09
2005-12-06,88.20,90.25,82.60,89.45,823300,85.69
2005-12-05,89.60,90.20,88.40,88.60,476100,84.88
2005-12-02,90.00,90.70,88.25,88.70,650200,84.97
2005-12-01,89.50,90.25,88.55,89.40,472500,85.65
2005-11-30,91.35,92.35,88.40,88.65,603800,84.93
2005-11-29,93.00,93.80,89.55,90.50,1201300,86.70
2005-11-28,94.00,94.95,92.20,93.05,1978700,89.14
2005-11-25,86.50,92.05,86.50,91.35,2875200,87.51
2005-11-24,87.25,89.75,85.50,86.05,1312000,82.44
2005-11-23,87.50,87.75,86.20,86.70,206200,83.06
2005-11-22,87.35,87.95,86.85,87.35,256900,83.68
2005-11-21,89.55,89.70,87.50,87.85,359300,84.16
2005-11-18,90.75,90.90,88.45,88.85,727000,85.12
2005-11-17,89.00,90.40,88.05,90.15,668200,86.36
2005-11-16,89.15,89.80,88.50,88.95,466500,85.21
2005-11-14,90.00,91.20,88.25,88.55,903000,84.83
2005-11-11,89.90,89.90,88.20,88.65,623500,84.93
2005-11-10,89.35,89.35,87.85,88.55,331800,84.83
2005-11-09,88.00,89.25,87.55,88.40,500100,84.69
2005-11-08,89.00,91.50,88.00,88.30,1457700,84.59
2005-11-07,85.05,89.35,85.00,88.80,1142700,85.07
2005-11-02,85.20,85.30,83.20,84.35,293100,80.81
2005-10-31,82.20,84.25,82.00,83.70,687100,80.18
2005-10-28,84.00,84.00,80.50,81.10,341800,77.69
2005-10-27,85.50,85.50,81.60,84.55,450000,81.00
2005-10-26,85.00,86.00,84.05,84.80,272000,81.24
2005-10-25,83.00,87.00,82.10,86.10,537400,82.48
2005-10-24,84.10,84.55,82.10,82.80,277100,79.32
2005-10-21,81.75,84.45,81.00,84.05,562200,80.52
2005-10-20,81.90,83.65,79.00,81.70,709800,78.27
2005-10-19,84.25,84.60,80.10,80.90,692000,77.50
2005-10-18,83.50,86.35,83.50,85.25,716700,81.67
2005-10-17,85.10,85.80,82.50,83.15,536700,79.66
2005-10-14,87.70,87.70,84.25,84.85,377100,81.29
2005-10-13,87.75,88.40,86.60,86.90,407000,83.25
2005-10-11,86.00,88.75,85.50,86.75,338700,83.11
2005-10-10,88.90,89.25,88.00,88.20,390500,84.50
2005-10-07,86.25,89.75,86.25,88.10,738300,84.40
2005-10-06,89.50,89.50,85.80,87.95,1231700,84.26
2005-10-05,90.40,91.65,89.00,89.75,1090900,85.98
2005-10-04,89.40,91.25,89.00,89.80,864800,86.03
2005-10-03,89.30,89.30,87.40,88.55,1013300,84.83
2005-09-30,91.00,92.00,87.60,88.45,1239600,84.74
2005-09-29,94.35,94.45,90.00,91.40,1731400,87.56
2005-09-28,88.60,94.30,88.60,93.75,5634200,89.81
2005-09-27,92.50,93.40,87.50,88.45,2003500,84.74
2005-09-26,84.50,92.00,83.90,91.30,2920800,87.47
2005-09-23,82.00,85.20,80.80,83.45,1230300,79.95
2005-09-22,89.00,89.00,80.60,81.65,1754300,78.22
2005-09-20,90.75,93.80,89.40,92.70,3590300,88.81
2005-09-19,88.70,90.10,88.00,89.50,2152800,85.74
2005-09-16,88.50,89.00,87.50,87.85,947700,84.16
2005-09-15,88.90,88.90,86.65,88.05,946200,84.35
2005-09-14,86.00,88.90,85.00,87.10,1804900,83.44
2005-09-13,85.50,85.80,84.50,84.80,750000,81.24
2005-09-12,85.60,87.20,85.00,85.55,693000,81.96
2005-09-09,86.50,87.00,85.15,85.50,717400,81.91
2005-09-08,88.00,88.50,85.40,85.70,845600,82.10
2005-09-06,90.00,90.00,86.50,87.50,443400,83.82
2005-09-05,89.95,90.25,86.75,87.30,566800,83.63
2005-09-02,87.95,89.80,87.55,88.65,874800,84.93
2005-09-01,89.95,90.20,86.70,87.10,989400,83.44
2005-08-31,90.00,92.30,88.50,89.50,1671100,85.74
2005-08-30,88.75,90.20,88.05,89.90,1509000,86.12
2005-08-29,89.50,90.45,84.00,88.25,1632100,84.54
2005-08-26,84.45,90.00,83.10,89.45,2052900,85.69
2005-08-25,81.25,83.80,81.00,83.20,1035000,79.71
2005-08-24,84.00,84.75,80.35,81.20,1425200,77.79
2005-08-22,86.20,89.90,86.20,87.15,1511400,83.49
2005-08-19,87.00,87.70,86.00,86.20,831700,82.58
2005-08-18,90.45,90.45,86.50,86.85,1070300,83.20
2005-08-17,90.00,90.85,88.05,89.45,1207500,85.69
2005-08-16,90.80,92.00,89.50,90.20,1352100,86.41
2005-08-12,92.70,93.70,89.60,90.05,1840900,86.27
2005-08-11,92.80,95.70,91.25,91.85,3802400,87.99
2005-08-10,92.10,93.40,91.00,91.60,2250100,87.75
2005-08-09,92.65,92.90,88.10,91.55,2482200,87.70
2005-08-08,92.70,95.45,91.05,91.90,2429800,88.04
2005-08-05,93.85,95.50,92.15,92.70,4194400,88.81
2005-08-04,88.45,94.30,87.95,92.40,4617400,88.52
2005-08-03,85.60,89.50,84.75,86.85,2951300,83.20
2005-08-02,79.50,84.90,79.50,83.95,2551900,80.42
2005-08-01,80.50,81.00,78.80,79.15,1147400,75.83
2005-07-29,80.00,80.80,79.00,80.00,1894000,76.64
2005-07-27,79.70,80.45,78.50,79.35,571200,76.02
2005-07-26,80.05,80.85,77.10,79.95,1458700,76.59
2005-07-25,77.50,80.50,76.15,79.90,2030100,76.54
2005-07-22,76.75,79.40,75.70,77.30,2172600,74.05
2005-07-21,77.40,77.70,72.60,75.55,1552900,72.38
2005-07-20,78.00,78.85,76.70,77.15,858800,73.91
2005-07-19,77.00,80.00,76.40,78.00,2141700,74.72
2005-07-18,75.50,76.95,74.60,76.00,1202400,72.81
2005-07-15,74.00,75.70,73.25,74.60,1762600,71.47
2005-07-14,75.20,76.25,72.75,73.10,1269600,70.03
2005-07-13,72.65,74.60,72.20,74.05,1537600,70.94
2005-07-11,71.45,74.50,70.45,73.50,3815100,70.41
2005-07-08,68.05,71.00,68.05,70.35,1647800,67.40
2005-07-07,69.95,71.90,66.85,67.90,3791100,65.05
2005-07-06,67.00,70.50,67.00,68.80,4384200,65.91
2005-07-05,70.00,70.00,65.40,66.40,2612400,63.61
2005-07-04,65.80,70.90,64.95,67.60,3756100,64.76
2005-06-30,62.55,64.35,62.10,63.10,2041800,60.45
2005-06-29,59.40,62.00,58.75,61.30,2277000,58.73
2005-06-28,61.75,62.20,58.75,59.30,906800,56.81
2005-06-27,60.00,62.50,59.95,60.95,2153600,58.39
2005-06-24,54.00,60.50,54.00,59.25,2264900,56.76
2005-06-23,55.80,57.50,55.10,57.00,582400,54.61
2005-06-22,57.80,58.00,54.00,55.15,1403800,52.83
2005-06-21,57.40,58.15,56.75,57.00,249200,54.61
2005-06-20,57.90,58.25,56.80,57.65,595100,55.23
2005-06-17,57.95,58.15,55.40,57.15,549600,54.75
2005-06-16,60.00,60.00,56.95,57.60,1112100,55.18
2005-06-15,57.60,61.45,57.25,58.55,3274300,56.09
2005-06-14,56.20,58.75,55.60,56.65,658600,54.27
2005-06-10,55.95,55.95,54.50,54.65,257400,52.35
2005-06-09,55.90,55.90,54.75,55.10,303100,52.79
2005-06-08,56.70,56.70,54.70,54.95,337100,52.64
2005-06-07,56.45,56.75,55.00,55.60,499500,53.26
2005-06-06,57.20,57.40,56.15,56.60,188100,54.22
2005-06-02,57.70,57.70,56.00,56.25,271300,53.89
2005-06-01,57.50,57.60,56.35,57.00,206300,54.61
2005-05-31,55.60,57.05,55.60,56.65,266300,54.27
2005-05-30,56.90,57.45,55.75,56.00,305500,53.65
2005-05-26,57.90,57.90,56.95,57.30,226100,54.89
2005-05-25,57.15,58.40,56.25,57.15,1231000,54.75
2005-05-24,60.20,60.20,56.60,57.15,444000,54.75
2005-05-23,58.85,58.85,57.00,57.60,323800,55.18
2005-05-20,59.60,60.15,57.50,58.45,360500,56.00
2005-05-19,58.50,61.90,58.50,59.60,713500,57.10
2005-05-17,62.00,62.00,58.65,59.00,378200,56.52
2005-05-16,60.50,63.00,59.70,60.40,1130500,57.86
2005-05-13,58.70,60.00,57.60,58.85,631100,56.38
2005-05-12,58.90,59.80,57.45,58.20,273900,55.76
2005-05-11,67.10,67.10,57.80,58.45,731900,56.00
2005-05-10,59.00,60.00,58.00,59.00,678100,56.52
2005-05-09,58.20,58.50,57.70,57.95,671700,55.52
2005-05-06,58.30,58.30,57.40,57.90,299600,55.47
2005-05-05,56.70,59.00,56.65,58.30,628500,55.85
2005-05-04,56.00,57.00,55.80,56.55,536100,54.17
2005-05-03,56.50,57.10,55.20,55.50,515400,53.17
2005-05-02,58.00,58.00,54.85,55.90,385700,53.55
2005-04-29,55.00,58.45,55.00,56.80,344000,54.41
2005-04-28,59.25,59.45,57.20,57.60,200700,55.18
2005-04-27,59.95,60.00,58.10,58.60,161200,56.14
2005-04-26,61.30,61.70,59.45,59.75,269300,57.24
2005-04-25,60.90,61.70,60.50,60.70,227200,58.15
2005-04-22,60.75,63.00,60.05,61.40,499700,58.82
2005-04-21,61.50,61.50,59.45,59.75,396500,57.24
2005-04-20,62.80,63.25,59.80,60.75,363800,58.20
2005-04-19,63.30,64.50,61.30,62.30,350700,59.68
2005-04-18,64.10,65.50,61.00,62.05,634500,59.44
2005-04-15,64.00,67.25,62.00,65.50,434600,62.75
2005-04-13,67.25,70.40,67.25,67.90,639200,65.05
2005-04-12,68.00,68.90,67.25,67.90,324700,65.05
2005-04-08,68.90,69.75,66.80,68.55,422400,65.67
2005-04-07,68.50,70.40,67.50,67.80,1047200,64.95
2005-04-06,65.85,69.25,64.50,67.50,1285500,64.66
2005-04-05,68.85,69.10,64.80,65.30,694600,62.56
2005-04-04,71.85,72.00,67.20,68.05,800400,65.19
2005-04-01,69.95,72.00,68.00,71.20,1158600,68.21
2005-03-31,67.60,71.20,66.25,69.30,781800,66.39
2005-03-30,66.55,67.50,64.05,67.15,518200,64.33
2005-03-29,67.70,67.70,65.50,65.80,258200,63.04
2005-03-28,68.00,68.25,66.60,67.70,646700,64.86
2005-03-24,67.50,68.00,65.00,67.35,539900,64.52
2005-03-23,70.00,71.90,66.60,67.00,1270300,64.19
